256,251,243,241,238,232,225,221,216,205,203,195,190,183,175,168,159,156,147,146,142,136,134,128,128,123,120,112,103,88,74,63,48,38,17,4,-5,-13,-20,-24,-27,-35,-41,-49,-57,-59,-65,-73,-84,-89,-90,-93,-96,-95,-95,-99,-100,-101,-101,-104,-108,-113,-120,-134,-139,-144,-152,-155,-159,-158,-158,-147,-143,-138,-129,-124,-128,-127,-128,-133,-138,-139,-149,-152,-149,-146,-143,-133,-120,-106,-91,-76,-63,-50,-40,-28,-21,-11,-8,1,6,19,29,39,46,53,51,53,52,51,46,44,34,31,26,32,35,39,41,44,44,45,46,49,41,35,24,16,13,5,1,-4,-12,-16,-22,-21,-23,-29,-34,-42,-49,-56,-65,-71,-77,-83,-90,-94,-98,-102,-106,-106,-104,-110,-108,-107,-103,-99,-92,-82,-76,-65,-50,-35,-16,-5,17,25,40,49,62,66,77,87,100,113,126,139,160,177,196,215,232,244,255,264,271,273,277,275,274,278,282,290,297,305,311,321,326,330,340,339,334,335,337,332,335,341,344,350,353,363,372,379,377,382,373,366,361,359,349,339,334,332,327,333,338,343,349,357,357,361,361,357,352,348,339,334,331,330,329,333,341,348,357,368,373,379,383,389,391,391,389,387,386,390,399,406,420,434,451,462,478,492,502,505,503,493,490,483,476,473,466,466,469,475,489,501,514,523,530,537,538,535,533,530,521,518,513,513,518,525,532,540,549,557,571,578,579,586,585,585,584,581,577,573,575,576,572,574,573,574,570,570,570,565,564,560,546,540,528,521,510,500,491,479,476,469,466,459,451,445,436,432,420,418,408,397,389,384,379,376,376,371,363,356,352,341,338,326,316,305,297,293,288,292,293,291,288,286,278,269,256,244,226,207,185,168,150,137,126,123,120,124,132,141,147,156,161,158,160,154,146,140,131,125,115,110,105,111,119,131,143,162,176,190,201,208,214,213,210,204,193,184,177,169,165,160,160,159,163,165,173,176,176,174,174,167,163,162,154,149,144,141,143,141,144,148,153,156,163,166,172,172,170,168,160,150,146,142,136,133,135,132,135,144,151,158,172,180,189,189,192,185,177,170,159,147,139,133,126,128,139,147,165,180,196,213,227,242,253,266,270,271,265,268,270,274,276,280,288,295,306,317,329,342,349,358,367,370,378,385,388,390,388,388,390,395,396,399,400,395,395,388,384,379,369,366,360,360,361,362,366,372,380,387,395,399,401,398,398,393,387,382,375,368,364,362,362,362,366,366,370,374,373,371,369,360,350,333,319,304,289,274,261,249,244,241,246,252,254,256,261,271,269,268,262,255,243,232,222,217,213,214,214,218,228,242,256,270,279,285,287,285,283,272,264,258,251,248,249,255,270,287,308,327,344,359,361,360,355,345,334,318,304,295,289,296,300,313,327,344,358,373,383,385,389,386,372,356,345,333,328,316,312,306,303,305,311,314,316,312,305,295,286,273,260,246,236,226,219,215,217,219,220,219,217,215,212,209,199,193,178,166,157,144,134,123,120,116,113,108,106,99,91,84,71,57,46,28,17,8,-2,-5,-8,-5,0,6,18,30,41,53,56,62,65,64,59,54,47,39,32,29,29,27,37,36,47,56,67,79,87,93,89,88,83,75,68,62,58,49,45,45,52,57,65,75,78,83,87,87,80,75,62,45,37,26,19,13,9,9,6,13,16,19,28,34,38,35,31,23,13,1,-10,-21,-31,-41,-46,-46,-45,-41,-34,-22,-14,-7,-1,11,13,17,18,11,7,4,0,-1,4,9,13,24,34,52,67,83,94,106,118,125,132,138,142,145,145,149,158,168,177,189,203,213,221,233,243,249,257,263,266,267,269,266,264,269,274,277,287,296,306,321,330,341,351,355,360,362,362,365,369,372,375,382,388,396,407,423,427,430,434,430,426,424,421,415,407,402,403,403,408,413,416,413,415,410,411,404,397,388,378,369,359,359,356,356,361,362,360,364,365,358,351,338,327,311,298,282,269,260,251,244,247,244,247,256,259,268,269,274,273,270,273,269,268,268,268,269,269,280,285,295,305,318,329,341,356,368,381,386,395,402,413,427,440,452,456,461,468,475,480,485,486,484,487,483,483,481,478,475,476,475,474,480,476,479,479,476,471,466,461,457,452,445,438,430,422,417,415,411,412,416,418,421,421,425,425,420,414,399,383,362,338,317,297,278,259,245,233,226,222,222,217,213,205,196,183,172,165,155,137,129,122,120,117,119,120,121,126,129,137,144,148,151,156,157,167,174,181,192,203,212,227,236,248,254,261,267,273,277,287,289,294,298,299,303,307,312,318,321,326,328,330,330,328,321,320,316,316,315,316,313,315,316,319,318,315,309,303,297,286,275,268,256,244,235,225,213,209,198,188,171,157,147,138,126,115,103,89,75,64,55,38,34,25,8,-1,-13,-23,-35,-43,-50,-63,-69,-70,-69,-68,-63,-63,-63,-65,-68,-70,-77,-82,-88,-94,-95,-98,-98,-94,-91,-91,-88,-87,-90,-89,-94,-98,-104,-111,-123,-131,-140,-145,-144,-142,-143,-142,-143,-139,-140,-135,-134,-134,-139,-142,-144,-141,-138,-133,-131,-127,-117,-111,-99,-91,-81,-76,-70,-67,-58,-50,-45,-40,-34,-28,-20,-11,-2,13,23,30,36,44,45,44,45,40,36,28,29,24,23,22,20,22,23,28,27,29,33,30,30,26,24,15,10,2,-3,-9,-10,-12,-14,-14,-13,-11,-12,-13,-15,-16,-23,-21,-25,-27,-31,-39,-47,-49,-48,-41,-47,-52,-54,-52,-45,-44,-44,-46,-55,-58,-59,-58,-47,-53,-50,-47,-45,-30,-15,0,15,33,39,50,63,68,73,79,84,86,94,104,114,125,139,158,171,186,201,212,217,226,226,226,225,225,227,232,235,244,249,257,265,272,278,288,295,297,292,298,302,303,310,314,318,319,325,329,336,339,337,330,325,320,313,306,305,301,292,285,282,277,276,275,278,278,276,275,274,269,263,259,251,245,239,232,230,225,227,230,235,239,250,260,271,282,289,301,304,307,311,315,319,322,327,335,339,343,353,363,379,393,406,420,430,447,458,466,471,480,482,485,493,495,500,511,514,520,529,538,547,552,555,554,554,554,553,550,549,541,543,541,539,546,543,540,538,537,527,527,524,512,511,498,491,484,484,481,481,480,482,481,484,486,483,482,480,474,471,467,464,460,454,450,447,446,444,439,438,435,437,432,428,423,417,414,409,407,404,397,394,388,385,385,380,378,371,368,365,366,367,366,369,368,368,372,375,383,392,396,401,405,403,408,403,404,407,402,400,392,384,383,378,373,365,356,351,351,345,341,335,331,322,314,304,297,282,266,246,226,215,202,186,171,153,149,142,140,130,117,112,104,95,89,74,51,31,19,5,-5,-14,-20,-27,-27,-34,-34,-41,-52,-63,-72,-87,-97,-106,-117,-122,-129,-129,-129,-122,-116,-106,-101,-95,-87,-82,-76,-76,-71,-73,-75,-78,-87,-82,-79,-78,-79,-74,-64,-61,-58,-50,-45,-41,-42,-43,-47,-54,-56,-64,-73,-72,-73,-71,-67,-60,-47,-40,-34,-31,-27,-23,-22,-23,-32,-41,-46,-51,-57,-58,-55,-53,-49,-43,-37,-25,-15,-9,-8,-6,-8,-9,-9,-9,-16,-26,-34,-39,-40,-44,-39,-39,-38,-35,-32,-28,-24,-20,-18,-20,-20,-23,-24,-23,-25,-23,-25,-25,-21,-13,-9,0,8,16,22,26,32,33,34,38,38,42,45,45,50,52,56,60,64,67,69,74,84,92,101,109,119,128,136,146,159,167,172,178,183,189,194,199,209,215,224,233,247,255,267,277,284,292,303,305,314,317,319,319,315,314,312,315,315,315,318,324,333,342,353,367,373,384,388,396,398,398,395,391,386,381,379,377,373,379,383,385,390,399,404,407,409,405,402,394,381,365,353,338,324,310,300,293,285,282,280,277,276,274,267,259,255,242,228,213,193,173,155,144,132,124,116,111,113,117,118,124,118,118,110,108,103,95,89,82,74,66,66,67,73,79,87,90,99,105,116,120,122,127,128,132,134,132,135,140,145,147,152,158,166,173,180,186,193,197,198,199,200,201,198,196,194,195,192,192,194,198,200,204,201,201,198,192,184,170,159,148,136,131,126,120,114,114,114,110,113,111,110,107,104,97,92,88,81,74,67,64,60,62,60,58,57,55,52,49,51,48,49,49,49,49,50,55,64,67,75,77,80,84,92,95,100,101,103,105,115,123,135,151,167,180,197,217,239,255,269,280,289,294,295,293,298,301,306,319,327,337,346,361,374,387,394,399,400,398,397,395,391,390,385,383,383,384,389,395,395,396,392,384,374,366,357,340,323,308,291,281,272,262,252,246,243,240,234,232,227,216,206,192,180,170,157,140,127,116,107,100,99,101,102,103,109,115,121,126,124,127,126,128,129,128,134,141,149,152,164,179,191,207,221,237,247,260,272,276,284,290,288,290,297,304,311,319,334,350,364,379,398,415,432,449,462,475,482,491,496,500,508,519,523,535,547,559,569,578,588,594,594,596,590,588,586,584,583,577,579,582,590,595,594,600,595,593,584,577,569,564,555,550,542,542,542,544,543,544,544,537,533,525,514,502,487,470,456,444,431,423,413,406,398,393,392,383,376,371,361,350,343,331,319,311,301,295,288,287,285,287,289,293,297,297,298,299,296,290,283,284,275,268,258,248,246,244,243,244,241,242,243,240,237,234,229,221,208,198,187,175,165,156,146,142,138,136,135,138,137,137,136,133,130,123,111,96,79,60,43,30,14,6,-1,-4,-8,-1,-1,3,2,4,-5,-5,-11,-18,-27,-33,-36,-41,-43,-41,-43,-43,-42,-38,-38,-38,-49,-56,-64,-76,-84,-99,-106,-111,-118,-116,-113,-109,-103,-105,-107,-106,-109,-113,-119,-129,-138,-152,-164,-174,-179,-189,-194,-199,-202,-204,-201,-200,-199,-199,-202,-206,-203,-205,-201,-200,-199,-196,-192,-180,-169,-156,-139,-123,-110,-98,-87,-74,-67,-64,-58,-53,-54,-49,-45,-38,-29,-18,-14,1,8,20,31,39,44,47,45,42,42,39,39,36,39,36,38,41,53,59,71,78,87,88,91,92,90,88,80,69,63,54,51,50,53,54,55,57,66,69,76,79,77,74,67,65,58,55,56,58,59,70,79,93,109,125,141,152,164,175,183,189,199,206,212,220,233,246,260,279,296,313,331,348,359,373,382,394,397,407,417,423,433,439,453,460,472,479,492,504,519,527,543,551,565,574,583,595,602,613,617,625,630,640,645,659,662,665,670,671,674,675,675,669,662,655,645,642,633,626,619,613,608,610,606,606,608,602,596,589,579,569,556,547,534,522,517,512,512,506,510,505,501,503,499,500,485,477,461,445,429,427,413,397,390,386,382,383,380,381,375,370,360,348,338,316,303,291,279,274,270,267,268,275,279,289,296,303,302,302,300,300,303,307,309,315,320,329,340,351,364,367,371,376,376,378,375,370,359,353,347,355,350,350,347,353,359,362,364,360,365,368,368,372,369,366,360,354,356,347,350,354,358,362,368,372,379,377,382,383,377,376,372,363,355,342,333,323,319,317,312,316,313,314,315,321,320,310,301,283,276,263,262,251,245,244,244,243,246,246,248,253,257,259,260,255,245,232,223,211,202,197,193,191,192,184,183,181,177,175,169,160,149,133,122,112,106,103,99,102,109,114,125,132,139,140,139,133,128,124,116,111,105,104,105,105,109,117,117,124,126,124,118,111,101,96,87,79,72,64,60,59,60,65,70,72,75,71,71,68,63,56,48,38,30,23,19,19,18,15,16,15,19,23,32,36,38,39,41,38,39,36,33,30,25,24,23,25,28,32,30,32,34,37,41,36,39,35,35,33,31,29,24,26,21,24,28,28,30,33,38,38,40,37,35,33,32,31,22,23,21,18,19,18,22,26,23,28,28,26,27,23,24,19,13,12,12,12,15,14,20,22,26,33,38,41,43,44,47,45,55,58,65,69,76,81,89,94,102,107,111,113,114,121,123,127,132,136,140,141,150,150,152,157,150,144,136,128,121,114,110,105,102,104,105,106,115,121,122,127,130,130,131,134,139,139,137,137,136,138,140,145,148,152,154,157,159,164,172,179,184,192,202,204,212,220,229,234,232,237,240,247,249,255,262,267,271,279,290,298,309,319,326,331,339,345,349,354,359,363,370,374,382,390,399,411,421,434,441,449,455,461,466,463,465,466,463,466,467,469,475,481,483,486,491,495,500,503,502,499,498,498,497,500,499,500,502,503,509,511,513,512,509,507,506,509,510,513,514,512,513,518,518,525,526,528,531,534,539,549,554,557,561,565,566,575,573,578,578,579,576,579,583,583,587,589,591,593,594,594,594,590,589,581,576,573,565,560,555,549,546,538,533,525,514,504,493,482,467,447,431,416,407,396,385,373,365,356,351,346,339,334,325,315,303,295,284,280,268,261,256,252,251,256,258,263,261,263,264,261,264,264,261,255,255,254,256,261,267,276,287,295,307,314,323,325,330,332,334,339,347,353,362,375,385,398,412,425,436,445,451,455,457,454,455,449,452,449,450,455,458,459,461,464,462,461,451,441,432,422,408,402,393,382,374,371,366,360,359,352,347,337,332,321,312,298,282,263,247,226,210,187,168,150,130,112,101,90,75,68,56,41,29,17,7,-9,-21,-37,-52,-67,-76,-82,-93,-96,-97,-98,-94,-90,-88,-88,-86,-89,-96,-101,-110,-115,-125,-129,-134,-135,-140,-140,-134,-126,-116,-107,-97,-92,-89,-85,-88,-87,-86,-93,-98,-100,-102,-98,-89,-81,-74,-68,-55,-44,-32,-21,-11,-8,-10,-9,-10,-11,-13,-10,-12,-8,-5,1,7,14,15,19,16,13,11,4,-1,-6,-14,-21,-26,-31,-35,-35,-37,-33,-37,-33,-32,-30,-29,-24,-19,-19,-13,-13,-12,-8,-7,-3,-2,-2,1,5,10,18,22,24,27,29,31,32,34,36,35,35,39,35,43,49,54,60,64,68,73,78,79,79,76,73,74,76,78,87,96,103,114,123,133,140,150,155,161,159,162,163,157,161,165,168,173,185,198,211,227,243,252,258,268,270,274,273,276,274,278,281,286,296,313,328,348,364,381,395,412,424,431,436,436,435,432,433,438,443,446,456,462,469,477,489,493,495,490,484,474,465,459,453,445,436,430,429,425,427,429,424,421,415,413,404,397,388,377,364,355,347,339,330,327,322,319,318,314,315,312,306,308,304,303,301,294,289,283,276,272,269,263,261,261,266,266,269,275,274,274,279,283,288,293,292,296,304,313,322,336,345,354,364,373,381,391,394,395,397,401,403,408,413,418,421,426,434,443,451,457,467,473,476,478,481,483,481,481,478,474,473,470,468,467,466,465,463,463,460,454,448,440,432,420,413,402,393,388,381,372,366,360,347,336,327,313,300,288,274,258,245,241,236,232,226,225,225,224,223,222,217,207,198,186,180,172,162,157,151,149,148,153,160,167,169,175,176,182,182,182,177,176,172,164,158,155,154,153,157,154,155,160,163,167,174,177,176,181,183,179,180,179,183,181,185,189,193,198,209,215,224,231,239,241,247,255,258,261,264,264,263,267,271,278,281,282,290,287,290,295,298,300,298,295,290,286,287,280,272,269,265,264,268,269,274,276,277,275,273,270,269,264,253,244,232,226,220,216,214,212,214,214,214,218,214,213,207,202,196,190,183,180,181,185,188,195,201,210,218,230,236,239,245,243,243,244,242,243,231,236,240,243,253,256,263,263,269,271,278,281,280,282,285,285,287,292,295,299,303,307,310,314,315,321,324,326,323,316,312,307,301,296,290,282,275,271,267,266,268,267,266,263,263,263,260,256,252,248,241,238,234,229,223,227,220,219,215,210,200,194,186,175,169,159,149,140,131,128,123,124,119,117,116,116,115,118,116,108,106,95,90,84,76,68,63,56,49,50,55,56,53,51,51,47,42,40,35,25,18,8,7,3,3,7,11,11,19,28,29,35,34,35,29,24,21,16,9,8,9,9,7,11,13,13,16,18,19,20,23,21,23,25,24,23,28,25,26,32,32,39,43,49,53,55,58,60,60,59,54,49,46,42,38,38,35,30,27,24,23,21,17,13,6,-3,-11,-20,-32,-39,-47,-54,-61,-62,-62,-54,-55,-51,-51,-49,-47,-41,-43,-41,-44,-49,-44,-46,-45,-37,-26,-17,-6,3,11,22,31,39,41,45,50,56,70,74,77,83,90,100,114,126,145,161,180,191,205,216,225,231,238,240,248,256,257,265,272,282,295,309,319,331,337,345,347,352,348,347,337,331,327,328,327,328,325,320,320,317,315,311,305,289,274,261,245,231,214,198,181,169,159,154,154,155,158,162,160,164,162,159,158,152,144,134,127,118,111,102,101,102,103,111,119,124,135,141,142,145,144,138,132,128,124,122,122,127,132,144,158,175,190,206,221,229,238,241,246,247,247,250,254,257,271,281,296,313,327,343,360,376,386,393,395,395,388,385,380,377,373,369,369,372,376,383,391,391,392,390,384,377,373,361,345,333,322,314,312,311,310,312,311,313,315,314,312,308,304,291,281,276,269,265,260,256,255,257,265,266,268,274,273,272,273,271,267,264,259,256,253,252,248,251,254,262,268,276,286,294,305,317,324,335,341,350,356,363,375,386,400,412,424,446,463,478,496,513,527,535,541,545,552,558,566,570,572,578,586,597,608,614,623,623,628,629,631,631,628,621,614,606,599,592,590,584,581,574,568,566,562,555,545,537,525,515,502,491,476,466,448,440,431,423,414,409,400,390,384,371,359,346,334,317,304,290,275,265,250,240,228,225,213,206,196,187,176,169,159,152,142,135,129,126,124,125,126,125,123,123,125,125,129,129,128,125,126,126,126,130,132,137,137,142,153,161,172,182,190,201,211,224,233,244,249,254,255,263,266,269,274,284,293,301,308,317,325,333,338,340,340,342,339,337,332,329,331,330,329,332,334,340,340,340,339,334,328,320,314,303,293,282,268,257,251,244,241,236,228,222,213,201,191,181,165,148,126,110,95,79,70,59,47,39,29,21,20,17,9,0,-9,-25,-38,-49,-58,-70,-79,-85,-86,-85,-78,-78,-77,-72,-74,-76,-77,-82,-87,-90,-99,-106,-117,-121,-125,-125,-129,-132,-133,-136,-135,-139,-139,-139,-137,-138,-135,-135,-129,-128,-123,-115,-115,-106,-105,-100,-95,-91,-81,-73,-70,-65,-59,-54,-49,-43,-39,-35,-33,-35,-35,-33,-30,-27,-26,-25,-26,-27,-28,-28,-30,-35,-44,-48,-50,-54,-61,-64,-70,-78,-84,-90,-95,-99,-107,-113,-122,-126,-130,-132,-138,-138,-139,-138,-137,-129,-127,-127,-128,-131,-131,-130,-131,-133,-135,-133,-134,-135,-130,-125,-119,-110,-105,-90,-79,-73,-61,-56,-52,-45,-41,-34,-30,-25,-14,0,13,28,48,65,82,101,118,137,145,153,156,158,163,172,182,191,204,211,225,239,255,270,283,294,299,305,313,315,316,316,317,317,321,322,329,336,342,345,353,359,368,375,385,388,395,396,399,402,402,406,405,404,405,406,406,410,412,417,423,422,427,433,428,434,433,435,433,431,426,426,422,425,426,427,430,431,434,438,447,448,453,454,455,458,460,461,465,462,459,454,456,457,459,462,457,458,454,453,453,451,447,444,442,439,443,443,444,449,454,460,463,472,475,478,478,479,477,476,476,473,472,476,476,482,486,489,493,496,500,499,498,494,491,482,476,473,468,468,465,465,461,457,456,459,452,447,443,440,436,433,432,430,421,419,415,417,416,416,418,415,413,412,407,404,403,398,391,391,384,383,383,383,380,379,380,382,381,382,381,373,367,361,354,350,342,337,329,325,323,321,320,322,326,329,331,332,337,338,341,340,337,332,326,323,319,314,318,317,317,316,317,319,321,325,330,335,337,334,338,334,336,335,334,332,331,335,336,343,352,358,364,368,371,372,380,384,381,373,367,363,357,355,356,350,347,342,343,338,335,330,323,313,302,291,278,265,259,246,235,223,214,207,196,187,178,168,154,147,135,123,117,108,94,89,78,63,51,39,33,21,14,5,-6,-10,-12,-16,-20,-23,-29,-35,-38,-42,-43,-46,-52,-60,-66,-69,-72,-72,-74,-74,-76,-74,-73,-72,-70,-62,-64,-66,-63,-60,-58,-56,-57,-61,-61,-65,-65,-65,-72,-71,-71,-70,-71,-73,-74,-71,-74,-81,-81,-86,-92,-95,-103,-105,-105,-114,-113,-117,-122,-123,-127,-130,-135,-132,-133,-134,-132,-131,-131,-134,-137,-140,-144,-142,-145,-147,-148,-146,-145,-140,-135,-127,-118,-109,-99,-95,-87,-83,-78,-74,-72,-68,-63,-57,-46,-32,-18,-7,7,19,36,46,58,63,70,76,84,92,98,110,116,122,133,148,160,179,193,204,212,228,231,242,252,258,263,267,272,277,283,289,291,300,305,313,319,323,328,328,330,328,322,317,313,309,306,298,296,295,290,287,283,278,274,263,252,238,221,211,192,178,164,150,137,128,125,117,114,109,102,99,92,89,82,70,58,45,31,17,6,-5,-11,-20,-26,-33,-34,-33,-39,-36,-40,-43,-48,-54,-62,-66,-70,-76,-82,-83,-82,-75,-63,-55,-47,-39,-27,-21,-11,-3,4,4,6,15,19,26,34,40,46,52,63,75,84,92,102,106,108,114,127,133,143,149,156,163,179,186,196,203,209,217,221,228,230,235,240,245,247,255,262,268,272,280,285,287,292,293,297,301,305,309,313,317,315,321,330,334,344,355,359,368,371,377,381,383,387,386,383,386,384,388,390,392,390,393,394,401,407,414,417,416,420,417,415,415,420,418,417,419,423,428,433,442,450,458,464,475,484,493,495,506,505,508,507,511,512,511,510,511,513,513,517,523,530,534,537,544,547,549,546,543,538,530,523,518,514,508,508,509,508,507,506,504,503,500,500,496,491,488,477,472,472,469,469,468,470,467,475,471,472,474,465,461,457,454,453,443,435,431,431,436,436,433,434,438,438,441,438,441,442,441,441,432,430,424,423,421,417,413,408,405,403,408,408,408,404,401,396,393,385,378,368,360,354,348,340,335,330,325,320,316,315,312,308,302,292,288,278,274,271,261,261,256,254,258,259,257,259,259,256,261,267,272,271,267,267,266,265,264,264,265,262,263,264,264,269,271,270,268,265,265,261,261,257,256,250,248,250,256,263,267,272,269,270,271,270,263,258,253,245,241,232,228,222,217,210,201,197,191,177,168,159,143,133,120,106,97,87,80,72,59,50,42,37,27,21,17,9,-3,-12,-23,-33,-41,-52,-61,-71,-75,-80,-80,-81,-80,-80,-78,-76,-76,-70,-69,-67,-66,-65,-69,-65,-59,-56,-43,-34,-22,-10,8,23,41,51,61,71,81,87,94,105,110,118,127,135,151,161,176,185,196,208,216,222,229,229,226,222,216,211,202,195,185,176,167,157,153,150,142,136,126,117,109,96,84,75,63,52,40,35,28,21,13,10,7,5,-1,-4,-9,-20,-24,-32,-36,-47,-59,-62,-66,-69,-68,-66,-71,-72,-72,-76,-76,-75,-79,-82,-84,-83,-88,-87,-83,-80,-80,-78,-71,-65,-57,-48,-47,-42,-39,-35,-30,-26,-20,-13,-9,-4,1,8,15,21,25,31,35,36,39,36,35,32,26,26,22,22,21,22,27,29,32,38,40,39,41,39,32,24,17,4,-4,-9,-10,-9,-12,-11,-12,-8,-2,1,4,6,7,7,3,-4,-5,-15,-22,-22,-30,-29,-20,-16,-12,-2,2,10,18,24,31,35,37,38,41,44,45,46,51,58,69,78,92,108,120,133,148,160,167,176,185,193,199,206,213,224,236,244,258,273,285,298,312,322,331,339,351,357,363,370,377,388,400,407,421,433,444,457,468,480,489,496,504,502,502,500,499,497,497,494,493,489,492,497,500,505,506,505,506,508,504,503,496,491,483,474,479,474,475,478,475,472,475,475,475,475,474,470,463,462,453,449,442,435,431,423,421,416,413,406,401,400,393,387,384,375,375,372,371,369,369,368,372,375,383,386,392,393,393,393,394,395,388,385,378,370,368,371,375,381,391,395,406,414,424,431,438,442,437,431,427,420,417,417,418,421,425,434,447,459,470,481,487,491,492,496,496,493,493,492,493,496,499,508,519,529,537,543,551,554,556,558,555,556,547,540,527,522,518,514,515,517,520,523,528,532,540,543,542,535,523,516,507,500,490,476,467,460,455,455,461,460,461,465,468,466,466,465,460,447,437,426,418,414,408,401,400,394,393,395,393,393,394,388,383,379,372,364,358,353,347,342,343,344,347,353,359,366,371,376,380,382,382,382,374,370,368,364,363,370,371,387,395,403,409,416,423,427,427,423,415,410,403,397,396,398,394,399,400,403,407,411,411,405,395,383,370,360,347,332,318,307,292,288,282,277,270,265,253,236,220,204,184,163,140,118,97,77,59,42,32,20,7,-5,-12,-23,-34,-43,-54,-69,-81,-97,-110,-125,-138,-148,-159,-164,-172,-174,-177,-176,-180,-182,-186,-191,-199,-204,-211,-212,-223,-228,-234,-235,-238,-239,-235,-229,-225,-219,-211,-207,-205,-198,-197,-194,-195,-193,-192,-189,-186,-182,-179,-175,-171,-162,-154,-147,-138,-134,-133,-130,-130,-131,-134,-143,-151,-157,-162,-161,-164,-159,-155,-156,-152,-153,-153,-162,-168,-172,-181,-186,-195,-198,-202,-205,-204,-193,-194,-191,-190,-186,-184,-183,-186,-191,-196,-203,-207,-210,-210,-205,-194,-188,-175,-165,-153,-143,-135,-129,-126,-124,-120,-115,-115,-110,-107,-98,-92,-84,-68,-52,-37,-22,-9,1,18,27,36,43,49,53,60,70,83,96,104,112,129,142,158,175,188,196,202,204,208,213,215,216,216,217,222,230,236,245,258,260,266,276,281,281,282,279,274,266,260,256,249,247,252,257,261,267,275,288,300,310,317,317,320,314,312,305,296,291,284,282,277,278,280,287,296,298,303,299,297,293,285,273,263,250,237,228,224,224,228,235,241,254,263,271,279,281,285,280,276,272,268,264,261,258,259,256,261,269,275,282,283,283,285,280,281,278,274,268,264,266,264,265,268,269,275,278,286,287,292,293,295,289,289,288,287,287,289,292,299,302,312,320,329,338,346,353,356,361,363,362,360,360,359,358,362,362,368,374,380,387,394,398,403,405,409,414,416,416,408,408,407,406,410,412,414,416,426,434,440,451,456,457,457,453,452,450,448,446,434,431,429,430,435,447,451,456,465,472,476,478,474,471,462,456,447,443,443,443,443,449,453,465,473,482,487,489,487,487,486,480,480,484,484,495,503,518,528,541,555,562,568,576,579,580,577,574,570,573,568,569,573,582,588,598,605,615,621,621,624,621,615,608,601,594,582,578,568,565,563,562,558,554,557,556,556,553,540,535,521,514,508,501,492,482,474,467,465,461,461,454,448,440,431,428,421,414,400,391,380,372,366,359,350,340,335,332,328,333,332,333,329,326,322,320,314,308,300,291,285,282,281,277,278,277,279,278,280,280,276,270,267,260,250,240,228,226,215,217,209,206,204,197,190,183,174,158,145,126,112,97,86,77,65,62,53,45,40,34,26,14,2,-16,-29,-48,-57,-66,-79,-88,-92,-97,-96,-93,-90,-88,-88,-95,-99,-102,-110,-120,-129,-140,-147,-154,-149,-148,-144,-142,-138,-132,-123,-110,-98,-92,-93,-107,-107,-107,-102,-101,-105,-106,-102,-97,-87,-72,-61,-48,-35,-25,-17,-8,-4,-2,4,3,3,5,5,2,2,1,3,4,11,13,21,22,28,31,35,35,34,34,32,26,21,13,9,4,-1,3,3,8,14,14,17,20,18,17,14,7,5,-7,-10,-13,-13,-16,-19,-15,-13,-4,-1,4,3,-2,-5,-9,-13,-16,-19,-26,-30,-31,-32,-27,-22,-19,-11,-7,-7,2,7,11,13,18,16,17,19,21,29,29,34,38,37,42,45,49,49,55,60,64,65,67,69,75,79,81,87,89,92,94,100,105,107,106,108,109,111,121,126,131,132,138,141,148,150,153,156,156,155,155,158,162,160,162,162,164,166,172,178,181,183,186,184,189,191,191,194,191,190,191,193,196,199,201,201,204,212,219,224,232,243,243,249,257,262,263,263,261,256,250,249,251,250,257,262,270,278,290,298,305,312,315,312,312,308,307,299,302,300,305,313,326,338,358,373,384,401,409,413,420,418,418,421,419,424,427,433,441,451,465,479,491,503,511,519,531,533,534,533,532,531,530,536,538,540,548,553,561,567,576,582,585,587,586,582,582,578,570,568,565,565,569,573,573,580,581,584,583,585,582,581,580,576,573,568,563,560,556,555,552,554,553,552,544,544,536,532,526,518,510,500,491,480,473,464,455,449,447,444,445,446,444,445,441,442,436,430,422,410,401,388,382,375,367,361,360,362,362,367,366,364,363,355,353,342,338,332,325,320,316,316,320,324,334,339,342,344,348,351,350,343,336,328,317,318,315,314,314,314,315,314,323,326,330,334,332,332,328,325,318,311,304,293,287,281,277,273,271,265,263,261,254,248,239,227,221,206,194,179,160,148,136,123,108,101,87,77,69,61,51,39,31,17,6,-7,-16,-31,-42,-57,-71,-79,-86,-92,-96,-100,-107,-108,-114,-119,-126,-130,-138,-151,-160,-166,-173,-176,-178,-184,-182,-180,-174,-173,-170,-169,-173,-174,-182,-185,-187,-192,-193,-193,-186,-182,-165,-154,-139,-130,-120,-113,-102,-103,-100,-103,-106,-111,-111,-105,-92,-82,-63,-48,-28,-13,2,11,19,20,16,10,7,5,0,1,7,9,16,31,41,57,67,79,84,89,88,84,77,71,67,60,55,53,49,49,51,54,58,63,67,63,63,62,57,52,45,35,28,25,21,18,21,22,24,26,34,41,44,50,53,50,53,53,58,61,64,67,74,81,88,101,107,114,124,132,141,158,166,176,177,184,192,195,199,205,213,218,227,236,248,258,268,273,280,285,290,291,295,297,295,295,296,300,306,315,323,333,338,352,356,363,365,362,361,359,357,358,354,357,361,369,375,383,391,393,402,399,395,388,376,365,351,342,334,328,326,320,316,315,318,315,309,309,300,289,280,268,254,241,229,214,206,200,199,197,197,195,190,187,177,172,167,162,153,139,125,115,105,98,95,85,77,70,70,69,65,61,58,59,59,56,60,55,52,51,51,57,55,59,66,70,76,86,96,105,116,128,137,147,156,170,179,190,200,209,218,235,244,263,278,300,313,332,346,355,364,368,374,373,373,372,369,374,380,386,397,408,416,426,438,443,453,450,438,429,418,409,401,393,383,377,368,366,372,371,371,371,362,358,349,340,325,312,292,280,262,252,245,236,229,228,222,220,217,214,209,203,196,191,185,179,177,177,172,176,181,183,189,196,202,210,212,216,223,224,229,234,241,245,251,264,264,274,283,295,303,315,325,333,338,344,355,359,364,368,375,378,384,385,392,389,388,388,391,392,397,395,399,400,401,403,402,406,408,405,405,401,405,405,399,393,389,385,379,376,369,360,350,338,328,317,308,304,296,291,286,279,273,266,260,247,233,219,203,186,167,153,140,130,119,120,122,124,126,129,129,128,122,113,106,97,92,83,78,74,72,80,84,96,103,112,119,123,126,127,127,123,121,119,114,115,120,130,139,148,160,172,191,202,217,225,234,238,243,243,246,243,242,245,246,254,264,272,281,287,298,303,310,317,324,326,326,323,320,319,315,309,305,298,297,294,296,293,294,293,293,287,287,281,273,263,248,238,224,214,199,190,180,170,163,157,149,143,136,127,118,102,90,76,64,48,36,25,16,11,5,8,7,9,12,15,13,8,2,-2,-5,-9,-11,-10,-10,-8,3,10,19,29,36,41,52,61,68,71,73,79,77,87,96,103,114,124,133,141,147,151,157,161,165,165,174,178,181,188,198,203,210,220,224,233,236,238,237,238,233,226,222,215,212,208,205,205,206,205,209,216,217,221,221,220,220,216,209,203,198,189,187,182,178,179,174,174,174,177,182,186,184,188,185,181,177,175,172,169,163,157,157,160,161,170,173,177,184,192,198,206,206,208,205,199,196,195,193,192,189,188,193,199,204,215,221,226,222,227,228,224,220,213,207,199,194,193,195,199,204,208,215,220,225,226,226,224,217,214,211,211,209,209,213,215,219,226,225,230,235,238,237,235,232,234,233,235,235,234,232,231,226,224,218,213,206,198,186,177,171,163,157,153,150,151,149,152,153,152,149,141,133,128,119,105,97,79,68,56,49,41,39,34,33,29,30,32,33,31,26,17,13,7,2,-4,-9,-16,-20,-22,-23,-19,-16,-12,-11,-7,-1,11,16,27,39,48,47,50,60,71,79,77,81,89,103,118,126,135,150,164,185,203,215,218,231,235,236,243,242,242,246,253,258,264,273,283,291,299,301,301,299,294,283,275,263,259,253,248,251,248,250,253,253,255,256,253,246,239,226,222,213,199,183,175,167,168,163,164,167,165,170,171,175,178,174,171,166,163,160,160,160,156,154,152,157,163,170,171,170,174,174,180,181,182,182,183,185,186,194,199,207,214,221,223,232,240,247,251,258,256,262,268,273,278,289,290,300,306,315,321,332,341,349,357,370,372,380,381,384,384,385,382,381,385,388,392,399,405,411,415,423,426,430,433,430,425,418,413,406,403,404,407,408,415,423,429,436,436,433,432,427,416,410,399,390,380,371,371,371,375,381,388,392,397,403,405,402,396,389,381,376,372,369,368,365,367,372,376,384,395,398,401,401,401,401,402,398,399,394,395,395,404,409,414,417,424,429,434,441,447,451,452,452,454,452,452,452,456,457,461,469,472,476,481,484,487,489,491,492,491,494,496,492,488,489,486,481,477,474,470,469,463,460,458,455,453,448,446,439,434,420,414,406,396,387,379,376,371,367,364,355,345,334,323,313,299,285,264,247,234,221,210,205,194,187,182,179,174,167,161,149,136,119,108,96,88,80,72,62,59,61,56,56,54,47,46,40,39,33,27,20,14,6,4,1,-1,0,-1,-3,-7,-9,-14,-20,-23,-29,-36,-38,-40,-44,-44,-41,-43,-43,-40,-41,-41,-40,-42,-44,-47,-48,-50,-53,-54,-49,-43,-44,-39,-38,-37,-35,-35,-34,-39,-44,-48,-58,-66,-72,-78,-86,-90,-98,-107,-113,-117,-126,-135,-141,-149,-153,-154,-155,-161,-159,-165,-162,-162,-159,-163,-163,-167,-169,-172,-171,-170,-172,-172,-171,-166,-165,-160,-156,-153,-154,-158,-162,-165,-165,-165,-166,-168,-166,-159,-156,-151,-147,-137,-141,-136,-133,-134,-133,-132,-132,-133,-131,-126,-126,-117,-108,-97,-90,-83,-78,-72,-69,-64,-60,-57,-53,-48,-42,-33,-21,-13,-4,4,13,21,24,31,32,32,29,30,31,27,32,36,38,44,53,63,72,85,95,105,108,118,120,128,134,133,138,138,148,159,168,172,182,190,192,200,209,211,214,221,220,223,227,229,233,236,241,247,256,265,271,278,284,287,289,293,295,292,292,287,285,281,276,276,277,279,275,282,285,297,308,314,322,321,323,325,331,328,327,329,325,335,341,352,367,382,397,411,426,430,435,440,442,445,448,451,453,460,473,488,503,518,536,550,567,573,582,587,586,584,578,577,575,579,580,585,592,602,611,618,624,625,622,621,618,610,601,594,585,574,569,564,568,569,572,571,573,575,578,574,569,568,557,550,544,537,533,531,528,525,525,527,532,533,538,539,542,545,549,548,549,551,553,553,561,562,566,572,574,581,581,584,588,592,595,594,595,594,592,592,593,594,599,602,604,603,605,605,608,609,610,603,598,591,589,582,573,563,554,547,541,537,541,537,534,529,525,522,514,507,498,483,475,459,454,446,440,441,440,442,444,448,449,446,440,434,422,414,408,398,391,380,379,374,377,379,381,382,379,380,382,380,372,366,358,350,344,345,341,348,350,357,360,365,371,372,373,371,364,357,346,334,327,318,309,306,299,297,300,298,303,306,307,309,311,306,304,300,298,294,285,277,267,260,257,252,247,244,235,232,230,225,224,220,221,219,220,222,222,222,225,222,219,217,216,215,216,214,212,210,210,213,208,204,195,191,178,176,169,160,151,145,136,134,139,136,134,130,124,114,105,97,90,74,63,50,45,38,34,31,31,31,28,28,28,23,18,8,-5,-17,-23,-33,-41,-43,-48,-47,-50,-49,-49,-48,-47,-50,-51,-52,-55,-62,-61,-67,-72,-73,-71,-73,-68,-61,-54,-47,-39,-34,-32,-29,-28,-28,-28,-26,-31,-31,-33,-33,-36,-37,-29,-26,-20,-10,-7,-2,-3,-5,-11,-14,-20,-24,-33,-40,-51,-59,-64,-69,-71,-79,-84,-91,-98,-105,-107,-113,-125,-130,-135,-139,-144,-148,-152,-162,-168,-172,-177,-177,-182,-187,-190,-200,-203,-210,-213,-219,-225,-231,-237,-239,-238,-236,-239,-239,-238,-236,-235,-233,-234,-234,-241,-249,-251,-254,-256,-256,-252,-246,-233,-218,-203,-182,-163,-149,-129,-117,-104,-86,-78,-65,-56,-45,-32,-15,2,23,46,66,91,114,137,157,173,184,196,204,216,227,237,251,262,275,296,312,330,348,368,384,405,418,432,442,453,461,469,477,484,492,500,507,518,525,530,537,542,547,550,552,546,543,536,532,533,532,532,529,523,519,518,516,514,510,507,506,503,502,501,502,505,503,502,502,503,510,515,520,523,527,534,543,547,553,559,558,568,570,576,578,579,581,582,582,588,591,597,602,606,614,619,625,630,632,639,637,641,642,646,648,654,660,658,667,674,676,679,682,685,682,685,687,688,693,693,698,703,704,709,710,704,708,704,699,698,688,685,678,672,670,666,663,660,656,657,653,648,641,637,626,620,612,605,601,591,579,572,566,562,558,558,554,549,543,541,532,526,511,498,485,475,460,454,449,438,435,428,425,424,421,426,422,417,414,405,406,399,395,387,379,376,378,377,377,378,380,382,386,391,394,393,394,392,386,381,374,369,362,354,345,342,340,339,339,337,334,332,334,332,332,328,322,310,298,286,272,266,259,255,248,249,249,248,247,246,239,233,226,215,205,191,175,161,146,137,125,118,113,104,96,87,70,58,39,22,3,-17,-36,-51,-70,-87,-97,-109,-116,-120,-131,-137,-143,-153,-164,-172,-180,-188,-200,-212,-222,-229,-238,-242,-250,-257,-260,-259,-263,-266,-272,-277,-283,-286,-294,-300,-299,-303,-306,-301,-295,-289,-280,-273,-269,-262,-256,-249,-241,-236,-230,-223,-215,-206,-194,-186,-171,-162,-153,-134,-118,-107,-94,-83,-74,-62,-51,-38,-21,-10,6,15,26,35,47,57,65,71,76,81,89,96,97,106,110,112,116,122,124,127,130,133,135,139,144,148,156,161,162,164,165,159,153,152,144,136,130,126,109,101,92,86,77,73,61,54,43,37,26,17,6,-6,-17,-25,-27,-28,-33,-36,-41,-39,-45,-43,-43,-48,-54,-53,-59,-59,-63,-64,-65,-70,-69,-71,-70,-64,-64,-62,-60,-56,-59,-54,-44,-44,-38,-30,-26,-20,-7,-2,6,13,24,36,45,62,71,83,93,103,116,128,143,154,164,174,185,188,195,202,204,210,212,217,225,229,236,239,245,248,249,246,246,242,235,229,222,213,209,208,206,208,212,218,223,230,235,241,243,246,246,248,247,244,245,239,239,236,240,243,245,254,257,261,265,270,271,272,279,288,295,296,302,308,315,321,332,341,350,361,370,378,387,399,404,408,413,418,427,435,444,453,460,467,478,489,502,510,518,527,535,540,551,561,565,572,576,584,584,590,590,590,585,583,581,581,582,577,576,576,574,576,576,570,569,567,560,552,548,541,535,529,522,516,518,517,516,515,515,509,501,494,484,478,466,461,454,443,440,431,425,418,417,415,409,411,407,407,407,405,404,400,395,391,386,380,377,373,365,361,355,355,357,361,366,371,377,382,387,392,397,399,395,392,389,388,387,385,381,378,377,379,381,384,387,389,391,391,392,391,391,384,380,380,376,373,369,361,356,346,337,334,332,326,318,309,300,293,287,282,276,268,258,243,232,229,219,208,198,186,177,172,171,167,161,159,153,150,149,145,136,134,127,121,114,105,93,85,81,79,78,74,76,77,75,77,78,77,72,70,65,60,58,56,54,52,52,53,57,61,69,71,74,75,75,79,81,86,89,88,85,94,100,106,111,113,117,119,124,125,130,130,128,129,128,132,133,135,132,136,138,134,136,137,134,129,127,130,131,134,136,139,145,147,146,152,155,159,159,159,159,160,163,163,162,165,165,163,161,163,157,153,149,142,130,128,120,112,103,101,91,83,77,72,66,65,57,54,43,36,24,10,2,-7,-22,-27,-40,-51,-58,-65,-75,-84,-93,-103,-112,-120,-129,-135,-142,-150,-159,-163,-163,-163,-162,-165,-161,-156,-159,-158,-155,-154,-157,-157,-157,-155,-155,-149,-138,-132,-128,-129,-116,-100,-85,-80,-71,-63,-55,-44,-32,-21,-8,6,16,29,41,50,53,63,68,75,83,88,100,108,114,122,131,136,140,147,151,155,160,165,168,172,179,185,193,195,203,205,205,204,198,191,186,172,167,159,152,144,133,131,124,121,120,124,121,116,116,109,104,98,91,86,79,70,67,63,58,59,57,52,44,45,45,45,51,54,57,62,66,74,84,92,106,116,121,135,143,154,165,177,185,190,202,216,229,247,261,273,288,308,320,336,349,361,371,378,388,395,401,410,417,423,437,446,453,464,471,475,479,485,483,485,487,486,483,485,482,477,476,474,471,465,458,454,446,437,433,425,413,404,395,380,370,358,344,331,315,306,293,281,273,262,257,251,244,237,231,226,222,219,208,204,194,189,184,181,177,175,177,180,183,189,193,198,199,195,198,199,201,202,199,197,198,201,203,212,215,221,226,230,241,247,255,257,259,261,262,270,270,275,283,287,292,301,310,318,324,332,337,337,342,340,339,338,338,334,333,335,333,334,333,336,333,335,332,332,328,327,324,324,321,318,315,315,311,308,310,306,302,296,291,287,285,283,278,280,278,279,280,279,278,276,275,269,274,272,270,267,263,257,255,252,252,252,244,243,242,243,247,248,250,249,251,255,259,264,267,267,263,260,260,264,263,264,264,263,268,275,281,285,289,291,294,292,292,290,289,290,280,284,281,281,281,281,287,285,285,286,285,278,275,266,261,256,250,248,244,242,239,242,242,241,240,241,238,234,225,222,205,196,186,177,172,166,160,154,148,148,144,144,142,137,126,121,109,101,90,79,72,65,62,61,65,68,68,67,66,65,64,62,55,47,42,33,27,23,16,15,12,6,5,6,5,3,-3,-10,-18,-23,-28,-34,-38,-40,-47,-48,-47,-46,-49,-44,-40,-41,-39,-33,-37,-34,-32,-32,-31,-29,-27,-27,-21,-19,-11,-9,1,8,18,29,40,54,66,71,78,81,87,92,96,97,99,105,111,121,134,148,165,176,191,204,217,232,242,247,249,249,249,249,253,252,252,251,256,264,267,278,288,291,293,292,286,285,278,267,254,241,236,222,219,215,212,207,201,198,197,194,183,176,163,151,140,126,112,105,97,89,89,85,87,85,87,84,81,77,75,71,70,69,68,68,65,65,67,68,73,79,82,87,89,93,93,98,100,106,109,113,115,126,131,138,145,147,155,160,169,178,186,186,188,193,200,206,215,217,224,234,241,255,271,284,295,304,310,315,319,316,315,307,305,296,289,288,290,290,292,294,302,304,310,309,307,304,291,279,264,247,225,210,197,181,168,164,159,157,156,153,149,145,134,122,105,95,81,68,52,42,34,34,37,40,45,50,58,66,67,72,70,68,60,54,52,50,52,53,58,68,78,92,108,124,135,144,151,157,163,168,172,176,175,182,189,197,208,217,223,231,242,250,261,267,275,279,285,287,295,296,301,305,307,311,315,320,323,326,330,332,335,337,340,339,335,335,328,324,316,310,304,300,298,296,293,291,286,280,275,266,260,248,235,224,211,200,193,183,175,172,166,168,168,170,166,161,153,145,142,132,131,124,115,116,114,118,123,132,137,143,151,157,164,168,173,168,170,165,170,168,171,177,183,191,200,207,217,219,231,228,230,231,231,229,227,226,224,229,236,245,259,269,277,286,297,303,303,307,307,303,301,298,291,289,282,284,284,287,288,290,289,296,299,296,298,296,292,291,287,279,275,272,265,261,257,253,254,255,259,258,256,255,251,250,239,228,217,203,192,182,172,163,151,143,146,142,144,144,142,138,131,125,116,104,93,83,77,70,68,65,71,74,79,81,86,91,94,90,90,85,78,75,70,69,71,79,84,92,103,110,118,125,133,138,142,142,144,139,136,137,136,136,140,144,149,157,166,169,171,170,172,170,174,174,175,170,173,178,184,195,202,211,219,221,229,233,236,229,230,233,233,229,234,235,239,239,243,249,248,250,257,255,256,255,252,251,250,249,243,239,229,227,225,224,224,227,226,227,232,240,246,249,246,239,237,232,222,222,218,217,214,218,225,236,251,262,268,276,282,286,286,283,280,269,264,258,255,258,261,266,275,286,297,303,308,312,313,311,311,308,304,299,302,305,306,315,320,328,342,352,365,374,376,379,376,377,372,367,363,352,352,350,353,362,363,374,383,393,404,414,421,422,420,420,419,419,421,423,420,425,421,428,436,443,450,450,453,455,455,458,454,450,443,434,430,428,425,419,416,413,408,407,407,406,404,402,396,392,383,375,361,350,336,324,315,309,302,298,296,293,291,290,286,281,277,270,264,255,245,235,229,222,223,221,226,228,230,230,231,228,225,221,208,203,196,191,188,186,186,180,182,182,187,194,192,189,187,185,181,174,171,160,153,147,144,142,138,138,133,129,129,125,124,120,114,100,91,78,72,62,55,43,35,30,26,23,19,18,10,2,-1,-8,-16,-27,-37,-50,-63,-75,-80,-86,-90,-90,-90,-92,-94,-90,-91,-91,-88,-84,-85,-84,-84,-83,-86,-85,-87,-90,-88,-87,-84,-81,-76,-74,-70,-68,-63,-62,-56,-56,-53,-52,-52,-50,-46,-34,-28,-15,-2,10,24,38,53,61,69,74,74,79,82,82,91,93,100,106,119,133,147,159,166,171,175,175,177,168,162,157,149,147,145,149,152,153,157,165,170,173,181,179,176,172,165,160,154,152,143,139,141,140,140,147,151,151,151,150,151,152,149,147,142,138,137,139,133,137,137,135,134,137,135,136,136,136,135,132,131,132,129,132,140,142,149,153,161,168,177,185,190,197,200,204,209,212,215,219,224,232,235,236,242,249,251,260,261,262,270,272,281,280,285,287,285,288,290,295,299,299,301,306,306,313,318,324,328,327,328,329,330,331,329,328,327,327,330,331,337,337,337,336,337,335,331,328,329,322,315,315,316,313,312,317,316,323,327,330,336,336,335,333,331,329,328,325,329,329,329,330,338,338,344,347,354,360,365,366,365,368,371,372,378,376,379,380,383,381,380,385,381,377,375,372,370,371,369,369,366,369,366,372,379,382,378,378,372,368,364,359,353,342,337,328,331,330,326,328,325,327,323,324,323,316,314,301,293,287,277,271,269,261,258,254,252,248,244,238,240,236,234,233,234,232,232,231,234,236,236,233,238,234,236,237,234,233,237,235,240,244,249,247,251,249,249,252,255,258,258,260,265,269,277,285,290,291,299,303,308,311,316,315,318,317,319,321,327,331,335,339,341,347,349,351,351,352,348,350,356,359,363,366,370,375,377,383,382,387,384,388,387,387,381,374,374,371,372,370,374,373,376,379,381,383,383,381,376,367,363,353,340,335,324,310,302,294,293,286,277,270,262,253,249,243,234,225,211,202,190,181,171,160,148,142,128,126,113,107,102,91,84,77,72,69,68,63,59,52,46,43,36,33,28,26,24,27,30,33,40,42,47,49,53,53,57,54,53,51,47,46,43,44,51,54,61,68,76,80,87,93,96,101,105,112,111,120,128,135,141,146,151,159,164,172,179,182,185,191,196,202,214,225,230,235,242,250,256,260,263,264,263,267,264,270,268,270,268,269,276,280,285,291,290,293,288,283,275,269,258,249,239,227,222,214,211,208,206,202,205,208,204,202,203,194,188,180,170,165,161,155,149,147,145,147,148,145,150,149,149,147,151,149,148,145,147,143,141,138,138,141,146,148,152,155,160,167,178,186,192,198,199,203,206,210,213,218,219,223,233,244,263,268,278,288,296,306,310,314,317,314,311,306,304,305,306,301,303,305,304,307,307,305,303,299,288,282,278,267,257,251,240,230,225,216,211,208,207,205,199,195,186,179,169,160,149,139,128,116,109,98,89,83,83,76,72,73,66,67,66,59,55,50,49,53,55,58,61,67,73,80,90,96,106,111,116,123,129,139,150,155,169,178,194,208,223,241,256,278,289,308,327,340,356,368,380,388,403,409,418,428,437,445,460,470,479,492,503,514,524,534,537,544,547,552,554,556,556,556,554,560,565,572,577,578,575,575,565,561,556,541,527,518,509,499,493,486,478,472,466,465,458,452,441,431,416,400,386,376,362,352,345,339,338,337,339,344,348,348,351,354,347,345,342,336,331,325,325,326,328,340,350,364,380,392,404,415,425,432,436,438,437,436,436,437,443,446,454,463,480,491,507,519,533,539,540,544,545,545,542,539,531,527,523,524,527,530,531,535,539,542,550,550,550,546,539,530,523,516,508,496,485,475,470,470,472,469,472,475,470,469,466,458,446,435,418,402,391,376,363,352,348,347,337,339,341,344,344,340,334,324,314,301,293,281,271,262,255,251,250,254,255,261,260,258,253,250,243,239,232,222,215,211,208,210,216,216,216,219,216,217,214,212,205,199,190,183,173,169,164,160,154,152,148,148,146,143,139,128,122,114,108,102,95,91,84,78,80,79,82,79,78,74,68,58,52,43,37,25,23,15,12,11,9,11,10,11,10,8,9,8,10,7,3,2,-5,-7,-10,-6,-12,-12,-9,-8,-7,-2,3,5,9,13,10,12,10,6,4,-4,-12,-19,-25,-26,-21,-16,-14,-9,-3,2,3,2,-1,-11,-22,-35,-49,-60,-68,-73,-78,-79,-75,-71,-60,-51,-45,-40,-37,-43,-46,-51,-60,-67,-76,-78,-81,-75,-66,-53,-35,-22,-6,9,23,30,39,41,38,40,38,35,37,39,44,51,61,76,92,107,123,139,149,155,163,162,158,157,152,148,145,145,145,146,146,156,165,167,177,182,188,195,203,204,205,206,210,208,210,214,214,218,221,225,232,239,246,248,253,254,259,262,266,268,265,264,263,267,271,276,283,292,301,310,322,332,343,348,353,357,360,363,366,369,374,381,386,393,406,419,428,439,447,455,464,469,476,486,493,499,509,518,528,542,550,563,571,579,585,584,585,585,582,582,581,578,581,580,583,591,592,597,600,599,601,602,599,597,587,580,572,564,558,553,552,552,552,559,560,565,569,567,560,552,541,531,521,508,490,478,469,461,459,452,455,453,451,451,451,453,446,439,434,421,416,410,405,396,392,392,391,389,393,394,395,398,401,402,408,408,410,410,412,415,417,423,427,431,438,446,452,458,463,468,477,482,487,488,486,482,480,479,481,479,483,484,487,491,491,497,503,504,497,490,483,479,473,466,457,450,441,441,436,432,430,418,407,392,382,370,353,335,321,301,289,274,265,254,244,235,228,217,209,202,191,176,162,147,128,117,99,87,75,67,59,59,58,58,55,55,56,54,50,45,38,33,27,24,19,18,15,14,21,27,35,40,43,43,44,43,45,46,43,41,40,37,43,47,54,58,63,70,74,78,85,90,93,97,103,108,119,122,127,126,131,129,129,133,132,131,129,124,124,122,120,114,111,104,97,92,85,77,63,53,46,37,30,25,19,12,7,2,-5,-3,-5,-9,-11,-16,-17,-19,-22,-31,-32,-40,-41,-42,-47,-52,-52,-58,-59,-61,-58,-60,-60,-57,-52,-46,-39,-35,-30,-32,-25,-23,-18,-13,-11,-11,-5,0,6,12,23,33,41,48,57,68,79,85,91,94,95,98,106,108,113,120,123,129,142,157,167,177,188,199,206,207,209,207,205,209,205,207,212,216,224,231,241,246,256,259,259,263,266,263,259,256,249,246,243,241,239,237,233,230,227,225,222,218,211,202,195,185,176,168,163,151,143,135,130,128,126,124,118,115,112,113,111,115,112,107,103,96,94,92,86,84,79,79,80,80,82,82,81,78,75,74,76,70,69,74,73,73,80,85,90,94,97,101,103,109,113,119,127,130,133,142,149,155,169,182,194,201,209,221,228,240,249,258,263,272,278,285,292,302,312,321,328,337,345,360,370,377,386,387,387,386,390,388,385,376,375,371,367,372,377,382,383,385,383,384,381,377,369,360,351,343,340,329,323,315,304,295,290,286,275,266,254,240,225,208,194,179,164,150,136,130,126,120,118,115,115,114,114,113,107,103,99,93,83,76,67,57,51,50,50,51,56,58,64,67,82,87,95,97,103,103,106,110,113,115,116,118,120,127,140,154,166,170,176,189,204,215,221,228,232,238,245,252,257,264,266,273,275,281,286,288,295,298,293,295,296,291,288,286,280,267,260,251,242,237,231,221,214,207,194,183,173,163,155,144,134,125,116,107,101,97,90,83,78,74,73,70,62,59,51,44,42,36,33,32,26,20,19,20,21,26,28,30,34,37,48,59,69,80,88,97,108,121,130,139,147,152,156,164,170,178,182,192,199,205,215,229,237,252,262,274,293,306,318,331,341,353,354,364,365,366,363,364,369,366,367,368,365,365,370,370,371,371,371,369,370,370,365,361,360,353,352,346,344,336,331,324,320,315,309,305,300,293,279,274,265,256,249,243,233,221,215,213,212,212,212,212,209,208,203,206,200,195,188,182,173,167,166,166,166,165,161,165,165,166,167,168,163,160,159,156,153,155,154,155,156,159,163,162,167,173,175,178,176,172,172,169,168,167,170,168,166,164,165,169,176,179,182,186,193,197,203,209,211,209,212,212,221,222,232,235,238,243,251,255,259,263,263,260,255,248,244,237,236,230,226,220,219,214,213,207,205,196,194,189,185,178,173,161,155,148,139,131,123,119,109,99,98,85,78,72,66,63,58,54,50,42,40,32,28,26,20,15,12,8,13,10,15,18,14,16,14,15,25,25,20,20,21,24,31,34,39,45,49,58,68,72,77,79,84,88,91,99,107,115,123,132,137,146,156,162,169,176,177,179,183,187,187,188,188,186,188,188,189,187,187,188,187,190,190,190,190,186,183,177,177,170,164,166,165,160,160,157,152,146,144,140,135,122,114,96,87,76,66,60,48,39,31,28,25,26,21,15,10,5,-2,-10,-9,-20,-26,-35,-43,-49,-52,-58,-62,-70,-72,-75,-78,-75,-72,-72,-70,-70,-71,-71,-66,-67,-70,-71,-71,-69,-70,-69,-66,-57,-54,-48,-42,-36,-33,-23,-23,-21,-16,-11,-8,-5,2,9,22,28,35,42,48,56,62,69,67,67,66,65,65,63,66,66,63,66,69,69,77,81,80,85,87,90,92,91,88,80,77,70,68,65,63,61,60,58,60,61,64,64,66,63,64,63,62,55,52,45,40,37,36,39,40,43,45,53,56,66,75,79,86,95,104,107,109,116,125,128,139,145,157,163,176,184,202,214,227,239,253,264,276,291,305,314,321,325,336,349,363,377,387,398,407,416,420,429,432,435,432,433,433,432,439,442,442,441,446,452,458,462,463,465,468,467,468,470,471,468,465,459,454,449,442,430,420,409,396,387,376,369,361,359,351,348,346,341,340,334,333,324,312,303,291,276,271,260,257,252,245,247,244,246,248,250,248,246,242,238,231,228,219,214,208,200,202,202,209,214,219,225,231,242,251,253,257,257,256,258,254,258,255,258,260,265,275,289,302,313,319,330,338,348,352,358,364,366,365,369,369,372,378,375,380,386,391,396,405,406,414,415,420,420,418,416,416,409,403,391,379,373,370,364,361,359,360,360,360,361,365,365,364,361,357,352,348,341,335,328,317,314,306,303,299,295,288,282,276,271,265,263,254,252,244,241,234,232,230,224,218,214,212,214,217,218,219,219,222,220,226,230,231,231,231,229,232,227,226,223,221,219,223,225,223,231,232,230,235,240,241,242,246,244,238,238,233,228,226,221,219,217,220,217,218,219,225,223,224,221,214,208,201,191,180,168,160,150,146,143,141,136,135,129,124,118,113,110,99,86,75,60,46,31,20,5,-9,-20,-31,-38,-45,-51,-58,-66,-72,-82,-88,-93,-103,-113,-126,-135,-144,-155,-161,-168,-172,-175,-177,-175,-173,-171,-168,-171,-172,-175,-178,-183,-187,-191,-192,-200,-198,-197,-195,-187,-182,-175,-165,-152,-142,-132,-124,-116,-111,-102,-90,-81,-69,-54,-41,-27,-11,6,21,39,59,74,86,101,110,121,130,142,150,158,167,176,189,201,209,222,232,238,242,248,251,253,248,246,240,239,241,245,250,247,252,246,244,243,241,235,227,214,206,196,192,185,177,167,163,155,148,145,139,130,117,104,92,82,70,66,54,47,40,41,40,42,45,43,46,49,53,59,59,64,64,69,73,74,79,82,85,91,98,109,120,129,139,150,163,171,183,192,202,211,217,225,234,243,253,263,281,292,308,323,334,344,355,363,369,371,375,374,372,374,379,385,392,400,403,417,425,438,445,448,444,445,445,442,435,428,418,407,397,393,393,393,392,391,393,392,396,391,387,382,375,366,362,355,344,338,331,327,327,325,324,319,325,324,321,320,321,317,312,309,309,307,309,309,307,312,314,319,324,327,328,331,336,340,346,348,353,356,361,364,374,381,387,393,401,408,417,423,436,443,452,461,465,473,478,477,479,480,485,489,499,505,513,525,532,546,553,564,567,567,565,563,556,551,546,541,535,532,530,529,536,535,532,531,524,520,512,504,498,482,470,458,449,439,433,427,421,415,411,408,398,389,380,368,350,337,326,309,299,291,281,275,268,263,261,254,246,240,229,219,201,187,167,153,146,139,128,119,115,115,114,114,109,108,105,99,92,91,84,80,73,67,62,63,67,74,75,83,84,90,94,100,103,104,107,111,113,117,124,130,133,135,142,146,157,173,182,191,195,197,206,222,227,230,233,233,233,236,242,251,257,268,265,273,284,298,302,302,301,303,307,300,300,299,306,302,306,309,311,319,326,332,338,335,337,334,335,326,314,299,291,280,273,269,268,268,270,273,274,279,284,287,286,284,279,274,272,266,266,266,264,265,266,270,277,283,282,282,273,267,265,262,263,259,253,255,254,260,270,277,289,297,303,316,321,326,324,323,318,322,323,327,331,337,342,348,360,372,378,384,394,397,400,406,407,406,403,402,399,394,396,392,390,388,385,380,382,377,370,366,359,352,336,324,312,296,286,269,258,244,233,222,211,203,197,189,183,173,164,152,142,128,109,94,79,64,52,44,41,35,27,23,20,13,15,11,4,-3,-9,-16,-19,-22,-25,-28,-31,-31,-28,-23,-17,-12,-9,-8,-7,-9,-7,-5,-6,-4,-6,-7,-2,7,16,27,33,39,43,52,67,69,71,73,76,80,86,91,98,101,108,111,116,115,116,114,109,109,106,103,101,97,99,102,103,106,107,108,108,105,96,92,89,79,71,75,73,73,75,78,79,84,88,90,87,83,75,71,65,56,49,46,42,41,44,49,58,67,74,79,84,91,91,99,100,100,99,100,96,101,100,102,99,103,103,109,110,120,123,126,128,132,130,134,136,138,135,138,139,140,144,150,150,156,161,166,173,181,186,185,186,187,185,186,180,179,176,173,175,178,183,187,195,199,205,210,216,221,219,221,219,219,215,214,214,211,216,215,220,222,228,228,231,229,226,224,216,209,206,202,200,201,205,210,213,223,228,233,234,234,232,229,228,228,226,224,224,229,233,243,252,262,268,271,277,278,283,283,283,283,283,285,290,300,309,315,323,330,339,349,356,363,365,369,372,374,379,388,397,406,415,426,441,452,464,475,487,495,505,516,525,528,533,534,539,543,547,555,562,564,571,577,581,588,594,595,601,602,606,606,606,606,606,605,607,611,613,616,621,622,627,633,633,635,638,637,636,634,630,625,619,617,610,610,604,602,596,593,592,587,585,574,566,552,542,532,520,509,495,485,476,472,466,468,463,455,452,445,439,429,425,412,400,391,383,380,377,376,374,370,368,366,366,362,358,350,337,329,316,310,299,293,284,283,278,280,277,273,271,264,261,258,254,249,244,243,238,237,238,234,233,230,231,230,230,224,223,218,213,210,207,201,197,192,185,179,171,170,162,161,151,148,142,136,132,126,120,113,110,101,96,84,69,60,47,38,31,21,14,8,2,-1,-3,-3,-11,-14,-22,-28,-32,-37,-44,-52,-61,-66,-70,-70,-68,-68,-67,-68,-65,-64,-62,-63,-66,-68,-75,-78,-76,-74,-72,-66,-58,-52,-36,-26,-11,-2,12,16,25,33,36,36,44,50,54,65,74,83,94,106,111,118,121,122,123,119,120,113,115,112,111,113,118,120,120,123,119,115,110,106,94,87,76,67,59,55,49,45,43,41,39,38,37,38,35,26,18,6,-5,-12,-23,-34,-47,-62,-71,-83,-89,-91,-98,-103,-106,-105,-100,-95,-94,-96,-98,-100,-101,-101,-103,-103,-103,-101,-97,-89,-78,-67,-51,-39,-25,-11,4,14,20,29,33,31,33,33,34,40,47,59,69,84,97,110,129,140,148,160,162,165,162,161,156,156,155,155,158,164,176,181,191,198,202,203,205,202,200,194,186,177,171,169,168,167,170,169,175,176,175,173,173,165,162,154,155,148,143,140,136,133,133,136,137,138,140,142,145,143,144,144,142,143,141,141,141,140,144,142,138,135,134,135,134,139,144,144,148,152,153,155,158,161,162,161,166,171,176,183,186,196,203,213,220,228,241,249,253,259,265,267,272,277,281,290,296,306,312,320,329,338,341,351,350,356,354,359,362,368,369,375,379,390,403,413,422,433,441,441,445,449,445,445,443,440,441,447,457,461,469,480,490,499,509,512,513,510,510,506,510,513,516,521,522,529,532,541,543,546,541,538,530,521,515,506,498,489,479,477,476,474,476,479,483,481,482,482,479,477,474,470,464,460,453,446,442,436,428,426,418,414,411,405,401,399,398,389,385,380,379,375,369,362,359,357,356,357,360,366,369,374,380,385,387,391,391,392,390,388,386,385,386,383,387,388,395,407,412,421,427,430,429,432,431,429,418,410,400,396,390,386,383,379,377,372,372,372,363,354,340,323,309,292,276,259,246,232,219,213,205,198,194,184,173,163,147,135,125,106,96,78,65,59,50,43,37,28,18,6,-1,-13,-22,-31,-42,-53,-57,-58,-61,-55,-54,-52,-43,-39,-34,-30,-25,-23,-20,-17,-14,-8,-2,7,13,25,34,48,55,68,77,87,98,107,113,125,132,143,148,154,158,162,167,171,178,181,183,186,188,194,198,202,198,197,197,191,186,180,174,163,156,151,144,143,143,144,144,139,139,141,143,137,129,119,108,101,89,77,66,58,49,46,45,48,50,58,58,60,59,58,54,50,43,36,27,24,27,32,35,48,56,68,82,88,97,99,106,102,100,99,97,97,100,102,109,121,129,142,151,164,173,178,185,187,186,185,186,185,189,190,194,200,207,215,218,226,229,232,236,236,242,240,236,234,228,220,217,210,203,193,185,177,180,179,178,175,176,174,171,172,170,157,144,135,118,106,97,87,79,71,65,62,60,58,57,58,52,49,46,43,38,31,22,19,24,26,27,27,36,46,50,53,50,57,61,73,74,75,78,74,81,83,89,95,102,104,107,115,116,117,118,118,126,125,134,141,149,157,170,180,188,203,208,212,220,228,234,239,241,246,249,258,271,286,301,313,329,338,351,361,366,372,377,379,389,389,389,388,394,408,421,428,436,444,449,446,448,448,438,437,438,439,444,447,452,452,449,449,452,444,439,440,442,436,427,424,417,416,416,411,410,409,408,407,405,397,396,390,385,380,375,370,368,364,357,349,327,327,321,318,316,318,320,326,329,337,340,343,350,355,361,359,357,356,349,342,341,332,330,339,338,342,348,355,363,371,375,381,380,377,375,365,362,358,354,349,349,353,359,368,382,393,401,405,409,408,406,402,394,384,373,366,365,363,366,360,371,372,373,379,375,370,364,352,338,328,312,298,285,267,252,240,231,221,210,202,193,184,175,165,155,146,133,120,105,94,82,68,56,47,37,25,22,16,18,18,17,17,18,17,15,13,11,9,7,6,3,3,6,6,11,18,25,29,36,46,54,61,66,76,80,90,101,110,118,132,140,152,168,181,195,205,215,226,239,247,262,273,282,294,303,320,337,348,359,368,372,378,383,384,385,381,379,379,377,383,390,392,395,400,402,407,409,403,396,386,368,358,346,336,326,322,316,310,315,315,311,309,303,292,279,265,250,231,215,203,191,183,182,179,178,181,183,183,179,176,168,160,151,142,133,123,114,112,110,112,114,117,119,123,125,131,129,128,123,114,105,97,91,84,84,81,78,77,84,90,95,101,102,105,108,114,115,113,109,106,101,101,105,106,110,111,118,126,134,142,146,151,154,154,154,152,147,141,132,127,125,123,122,125,127,128,128,130,131,126,120,114,102,88,76,65,51,43,39,36,34,36,39,39,44,44,44,40,34,29,27,19,14,10,7,4,8,14,23,30,42,49,51,59,63,65,68,68,69,70,77,86,100,110,123,134,144,156,163,175,182,184,185,186,190,195,200,210,212,223,233,245,253,264,273,279,291,300,311,322,328,336,345,349,356,363,368,373,375,377,380,383,386,387,390,393,395,396,397,392,392,389,379,374,371,367,360,355,350,347,343,339,331,329,323,317,308,302,292,281,271,266,258,254,246,243,240,237,234,230,230,222,212,209,204,198,195,188,184,180,185,186,193,199,201,204,207,208,211,210,210,206,205,209,208,214,224,232,237,244,251,262,269,274,280,280,281,284,282,287,291,296,299,305,315,323,329,333,337,339,338,336,334,329,330,328,321,324,323,315,319,319,313,317,317,320,321,321,323,322,322,325,321,321,313,311,303,299,293,290,291,290,291,291,295,296,299,299,299,299,298,289,284,276,269,264,258,252,246,248,250,253,258,259,256,253,258,255,253,252,247,241,238,233,233,238,241,241,246,253,261,268,273,278,277,273,272,271,274,271,270,271,270,272,277,283,286,289,290,294,297,301,307,312,316,317,330,338,350,356,363,366,369,373,375,377,381,383,380,383,389,395,398,405,407,412,413,413,412,406,399,389,380,374,365,359,361,356,355,354,352,345,346,340,331,319,310,301,286,272,265,251,241,233,222,212,206,201,193,191,183,176,171,163,158,152,147,134,127,119,112,108,106,101,98,101,98,103,109,112,120,122,124,129,136,136,136,136,137,138,145,157,165,175,187,202,220,237,251,265,272,279,290,296,305,310,316,320,322,330,339,349,363,375,384,396,403,409,415,412,412,410,407,410,408,409,409,416,413,415,419,418,415,416,409,398,387,376,363,354,344,336,326,319,306,299,290,279,266,251,238,222,207,196,182,172,160,150,145,138,134,128,118,107,101,87,81,73,68,62,60,57,60,61,67,74,79,83,92,97,103,104,107,112,111,111,115,119,123,129,132,138,145,156,163,173,185,195,204,217,228,236,241,247,253,256,258,268,277,285,296,305,317,327,329,337,343,342,338,337,329,319,306,298,291,285,279,271,268,270,267,270,264,255,244,234,219,204,185,162,140,122,101,93,86,80,75,71,70,65,64,58,51,37,21,5,-12,-27,-36,-48,-58,-66,-67,-66,-70,-70,-67,-71,-76,-82,-90,-96,-103,-106,-114,-114,-112,-108,-101,-94,-83,-78,-71,-64,-60,-58,-53,-52,-52,-49,-45,-42,-38,-32,-24,-15,-9,0,4,6,14,15,18,20,22,19,19,22,24,26,29,31,36,41,50,55,65,66,71,75,76,77,79,77,73,73,72,74,75,77,76,71,76,69,71,68,61,53,45,42,36,30,27,21,19,17,18,19,24,24,22,21,16,13,9,8,-1,-6,-12,-11,-13,-14,-12,-9,-10,-6,1,6,12,13,14,12,10,11,10,8,6,4,11,15,26,32,47,54,60,65,75,78,85,85,90,95,104,111,124,135,149,168,181,196,214,229,241,251,262,271,276,282,286,289,299,305,317,328,336,351,366,378,388,401,406,415,423,427,432,434,432,433,432,433,439,440,447,454,463,474,484,495,505,508,507,507,504,503,499,491,484,479,473,470,473,474,475,481,487,488,493,493,484,478,460,452,439,431,421,412,405,399,396,406,406,410,410,414,420,423,422,421,417,407,397,391,391,386,380,384,388,391,398,410,418,424,427,428,425,428,425,425,425,424,424,429,440,451,463,476,490,498,509,520,522,527,536,545,549,551,558,566,577,585,583,588,599,609,616,617,618,611,604,607,606,603,605,599,596,594,582,574,564,561,548,537,527,515,503,497,485,481,468,458,450,441,439,427,417,408,404,394,387,368,365,359,351,336,317,305,299,294,285,275,261,257,255,248,240,233,224,217,213,203,197,184,177,171,163,158,153,148,145,142,140,143,149,149,150,149,144,141,143,138,137,134,130,124,119,120,119,123,126,129,125,129,125,120,114,107,98,93,87,81,79,77,72,72,69,61,58,52,42,31,19,2,-13,-26,-33,-45,-52,-57,-64,-66,-74,-74,-78,-85,-97,-104,-116,-129,-141,-152,-164,-172,-184,-189,-190,-191,-191,-196,-200,-199,-196,-197,-196,-199,-203,-205,-202,-206,-200,-201,-202,-197,-189,-184,-171,-160,-154,-148,-139,-133,-126,-118,-114,-107,-105,-99,-94,-83,-71,-59,-46,-34,-21,-5,9,23,31,39,36,36,35,36,35,34,35,40,47,57,66,78,90,101,105,116,122,122,124,123,116,111,104,101,99,98,100,105,106,112,111,111,112,111,106,99,89,76,64,60,53,53,52,49,55,57,62,66,66,64,61,58,53,47,46,39,33,34,34,38,42,43,46,48,52,50,50,49,37,31,23,17,15,15,13,12,7,7,10,12,17,20,18,14,15,15,15,13,14,12,9,10,17,23,28,31,34,39,48,51,54,61,65,66,71,77,79,87,95,104,116,133,145,156,173,190,201,210,221,232,235,240,247,253,262,266,273,285,292,306,321,331,340,350,358,366,370,375,378,377,376,373,372,376,376,379,382,387,398,404,410,416,419,417,416,414,415,408,404,400,397,395,401,405,406,411,411,417,419,419,418,415,410,403,400,401,402,401,404,407,410,417,424,431,434,434,437,433,435,433,432,433,428,426,427,435,438,444,452,455,461,468,470,473,476,476,479,482,478,478,478,481,481,483,485,490,496,504,509,511,519,525,527,531,532,534,532,537,530,530,528,530,532,530,530,525,524,521,515,511,502,492,488,481,475,469,462,454,442,433,424,415,409,398,386,372,360,346,337,324,308,290,278,264,258,247,238,226,212,207,201,194,192,182,176,168,156,153,145,136,127,114,111,105,99,98,95,91,87,87,84,83,80,84,82,85,87,89,99,104,109,115,120,124,125,124,129,129,133,137,141,147,152,162,167,172,181,186,194,197,199,203,200,197,195,188,186,184,180,181,179,179,180,183,185,188,184,189,187,192,188,185,179,172,164,158,151,151,146,143,142,143,144,146,150,146,140,135,130,122,118,112,102,91,85,83,82,82,84,83,86,90,93,95,97,97,92,86,79,78,74,76,73,74,79,85,93,105,114,122,130,134,139,138,134,133,124,118,117,115,114,115,122,128,136,150,161,171,177,185,187,185,188,187,184,182,185,182,185,190,192,197,203,208,212,217,218,218,217,218,217,214,213,214,216,216,215,215,215,208,206,206,204,204,202,198,197,194,193,195,192,193,188,187,188,184,180,179,174,169,165,164,161,159,159,154,157,153,155,158,159,158,158,160,159,159,160,156,151,150,147,147,149,153,155,160,164,170,179,186,196,199,208,213,217,224,230,230,231,233,238,244,251,260,265,270,280,287,296,305,313,316,316,320,320,322,320,321,321,324,329,337,350,360,370,381,390,396,403,405,405,404,397,392,386,382,381,381,383,388,395,399,399,406,403,403,399,392,382,374,364,357,354,349,345,339,345,346,351,353,353,351,348,339,336,328,319,309,298,292,287,282,279,275,270,270,271,270,271,266,258,251,241,229,222,208,198,185,172,161,155,149,141,138,134,129,131,134,128,126,121,112,104,99,93,87,82,82,79,79,82,83,89,95,98,102,103,104,104,101,95,89,84,80,78,73,72,73,75,81,87,89,94,94,95,96,94,85,82,81,83,84,89,94,99,109,113,123,123,125,122,116,112,105,104,95,85,78,77,76,78,81,81,84,81,77,76,74,72,60,47,46,45,46,45,48,49,50,57,62,64,66,72,66,68,65,69,68,72,72,76,79,87,99,108,120,127,136,142,149,158,165,171,173,173,177,183,186,196,203,213,225,237,242,254,263,269,276,273,275,270,268,266,259,257,251,251,252,256,256,262,264,268,268,269,270,269,266,263,256,248,243,237,231,224,218,217,216,215,218,218,220,214,210,205,201,197,192,186,179,177,175,176,181,183,186,192,196,199,206,208,206,205,199,205,209,211,218,224,231,235,245,258,259,269,273,280,283,290,294,298,300,304,318,326,332,340,350,358,365,377,385,393,397,402,407,408,415,418,422,426,433,439,447,459,471,481,496,504,512,520,523,529,531,532,533,532,533,530,532,535,537,541,542,544,543,534,531,528,514,507,492,480,470,457,453,448,444,442,439,439,443,444,444,437,431,420,412,402,391,378,367,352,346,338,335,330,323,319,314,307,304,294,282,269,256,239,227,218,208,203,198,194,195,194,194,193,187,180,171,164,157,143,137,128,125,124,127,134,143,151,158,167,172,171,167,163,155,145,137,135,129,125,135,139,149,160,168,182,188,196,199,197,192,183,171,165,155,148,141,139,139,142,147,158,163,170,176,178,178,176,169,166,154,145,141,135,137,135,137,135,140,147,149,153,155,148,140,130,122,111,106,93,81,75,71,69,71,85,88,88,85,84,87,91,90,83,77,67,58,47,47,46,47,50,52,50,57,68,83,91,94,97,102,101,99,99,99,98,99,96,95,96,97,102,106,115,118,122,125,128,126,124,123,125,130,133,137,143,142,144,145,143,144,138,135,125,117,113,106,102,99,93,92,88,89,88,84,78,65,54,44,35,21,10,-7,-16,-28,-41,-48,-56,-61,-68,-75,-83,-89,-96,-104,-114,-123,-132,-140,-146,-150,-152,-155,-160,-163,-160,-158,-160,-160,-157,-157,-161,-162,-169,-174,-178,-179,-180,-178,-177,-170,-164,-152,-144,-132,-124,-113,-106,-98,-89,-85,-81,-77,-76,-73,-67,-60,-50,-42,-36,-23,-10,4,22,38,46,56,59,65,73,73,74,74,72,71,73,82,88,95,102,109,111,116,125,126,126,120,114,109,105,101,98,92,93,100,109,118,123,130,138,138,140,142,142,144,143,138,136,136,135,141,144,151,157,164,172,178,179,182,182,179,176,173,171,171,174,180,181,189,195,198,207,215,225,231,236,241,245,251,256,262,264,266,269,279,285,296,305,314,322,331,341,352,361,366,372,377,383,387,398,404,408,416,424,435,444,448,459,457,467,468,472,480,483,487,488,491,493,501,505,508,509,510,511,514,512,510,506,500,491,489,484,477,472,464,458,448,447,437,434,430,426,417,409,401,395,381,373,363,356,351,344,339,334,336,332,332,332,330,327,328,326,322,319,312,309,306,305,316,322,325,334,340,345,351,356,361,360,359,357,359,357,362,365,371,378,385,397,409,418,430,438,445,449,458,464,469,471,469,469,475,474,480,482,487,495,502,512,523,529,535,536,535,538,540,535,537,534,529,525,524,528,525,533,534,540,543,546,550,550,548,542,538,532,525,520,516,511,509,501,502,502,503,503,509,511,514,511,507,500,494,483,473,462,450,443,432,423,421,419,417,413,412,409,408,404,396,387,376,365,352,343,333,323,320,313,310,310,310,309,305,303,297,295,293,285,282,277,273,270,267,266,265,265,263,267,266,264,261,255,252,251,244,248,250,253,254,254,257,259,266,265,266,267,265,266,263,257,253,250,239,232,228,220,218,217,211,208,206,200,193,187,177,164,152,139,126,114,106,98,88,84,74,68,59,53,45,34,20,5,-12,-29,-45,-55,-70,-82,-98,-103,-110,-113,-115,-122,-126,-132,-134,-142,-148,-158,-169,-178,-190,-197,-205,-212,-215,-218,-213,-209,-202,-188,-175,-166,-157,-151,-148,-142,-137,-141,-140,-138,-137,-135,-120,-110,-94,-74,-61,-39,-18,-1,14,23,30,28,26,27,26,25,23,26,27,30,37,47,52,60,63,64,66,66,60,55,48,41,34,25,17,9,6,3,-7,-11,-13,-19,-25,-28,-36,-45,-57,-69,-81,-91,-101,-111,-120,-125,-128,-132,-131,-131,-128,-127,-129,-132,-130,-126,-126,-130,-133,-133,-136,-130,-127,-120,-109,-105,-96,-84,-73,-60,-52,-44,-37,-27,-19,-11,-4,-2,6,11,15,21,34,45,54,58,69,77,84,94,100,102,107,113,112,120,129,136,144,152,162,177,187,198,207,214,217,220,221,225,230,230,234,242,251,262,274,285,295,300,308,317,321,321,321,320,323,327,327,333,343,359,371,385,397,409,417,426,431,435,436,435,433,434,435,437,440,447,453,465,473,485,493,499,504,506,506,506,505,506,503,502,503,503,509,513,524,527,538,544,556,564,572,580,581,586,587,591,596,604,611,619,625,634,648,657,667,673,677,682,685,686,688,689,682,676,671,665,662,658,657,653,648,647,648,651,649,652,648,646,641,635,628,623,616,610,607,604,601,599,598,599,599,595,589,584,572,561,553,544,533,525,519,511,511,510,511,512,509,509,504,499,493,482,476,461,451,441,434,434,429,429,426,425,422,421,414,408,397,384,371,361,353,339,330,325,316,313,311,307,302,296,289,285,276,266,257,246,233,224,214,210,204,199,196,194,190,193,196,197,197,192,187,184,180,180,177,175,171,170,168,178,177,183,195,201,208,208,213,215,213,216,215,215,208,203,201,201,204,201,205,209,213,215,221,224,223,220,214,206,197,186,175,160,146,132,119,110,102,95,87,80,76,64,55,44,33,17,2,-13,-30,-37,-46,-57,-67,-72,-79,-84,-88,-97,-108,-120,-136,-149,-162,-172,-185,-192,-195,-199,-194,-195,-194,-186,-186,-184,-183,-182,-183,-188,-187,-190,-188,-185,-183,-176,-169,-162,-154,-141,-131,-122,-115,-106,-100,-93,-86,-79,-72,-65,-53,-45,-35,-27,-18,-11,-2,9,16,25,30,35,42,51,57,68,75,79,89,99,113,123,131,136,139,146,149,152,157,155,156,159,162,166,173,179,183,185,188,188,190,193,193,185,180,182,177,172,171,170,162,161,160,160,160,162,164,163,162,166,170,174,174,169,166,164,162,164,161,160,162,165,172,186,195,204,216,226,234,243,249,250,257,259,263,267,269,279,288,298,314,327,336,349,358,369,377,380,385,387,389,389,400,408,418,433,445,457,471,483,498,507,516,522,526,534,541,546,549,550,555,557,560,564,566,569,575,574,573,575,571,568,563,558,554,551,543,539,531,528,522,516,512,512,504,494,485,477,471,462,458,450,442,430,421,415,407,393,381,368,356,344,334,326,323,315,310,312,315,316,319,320,321,319,313,314,311,303,300,300,299,302,306,314,322,327,335,342,351,355,361,365,369,376,378,379,380,381,381,383,384,387,384,384,386,389,389,389,392,392,394,399,399,394,383,377,370,370,367,363,358,355,348,348,350,355,361,360,353,346,336,324,319,309,297,288,282,276,270,269,270,267,266,263,263,256,250,248,247,240,225,219,217,215,208,200,201,198,189,190,190,182,186,183,176,169,166,157,155,150,145,145,139,139,133,127,123,116,112,109,102,100,92,88,85,82,81,78,74,70,63,55,48,43,37,28,24,22,16,16,18,19,25,29,32,36,40,42,43,48,48,51,56,61,71,75,83,91,96,106,115,124,131,135,140,147,159,163,174,178,187,191,199,204,211,210,208,209,211,214,219,220,227,227,230,229,231,235,235,228,223,212,208,199,195,186,183,178,176,178,178,181,185,178,177,175,171,164,161,154,146,140,137,131,133,131,126,127,127,127,128,127,126,125,124,119,118,120,122,123,127,132,138,144,149,152,157,165,165,164,169,170,170,167,167,169,168,171,174,179,181,182,181,182,184,188,191,197,197,198,202,202,205,207,206,203,200,197,196,194,196,192,193,194,197,204,208,207,201,195,187,178,166,155,145,133,126,122,117,111,108,103,94,84,75,67,57,38,25,9,-2,-8,-15,-18,-21,-19,-17,-18,-15,-17,-20,-24,-29,-32,-37,-45,-45,-50,-52,-49,-44,-40,-33,-21,-12,-5,4,10,20,29,35,47,57,66,79,95,108,124,140,153,168,184,200,212,232,248,256,266,281,294,307,324,339,352,365,375,388,401,402,411,413,418,422,427,430,428,426,429,432,433,433,435,431,429,425,423,419,409,402,393,381,376,372,362,353,345,333,328,324,320,316,306,301,294,290,286,280,271,260,254,247,235,233,230,222,221,219,220,223,223,225,221,216,209,204,196,187,175,167,161,167,167,175,180,190,200,210,217,225,232,231,232,227,226,223,222,221,222,224,232,240,248,256,265,272,274,279,280,284,279,280,279,277,277,273,277,279,280,284,286,291,288,289,286,286,282,278,274,271,270,270,267,269,271,272,271,271,275,272,267,264,259,253,252,250,247,243,241,240,241,239,240,232,232,228,227,227,231,222,221,221,221,221,224,225,226,228,229,229,231,236,238,235,241,243,245,244,250,243,237,233,229,223,220,220,215,215,213,221,220,225,220,218,219,215,213,209,205,199,192,189,192,197,200,208,211,216,220,226,225,227,229,227,227,228,232,235,241,248,256,264,270,277,286,290,291,289,291,283,281,273,272,267,266,262,261,262,264,265,270,270,271,265,262,259,252,246,237,229,222,216,212,209,199,196,189,186,178,174,165,155,146,137,127,117,111,100,89,82,75,75,69,66,57,51,48,47,42,40,36,32,27,21,16,14,12,6,6,5,6,12,20,26,31,40,46,50,55,59,57,58,53,51,52,54,60,69,80,92,110,127,140,153,165,176,177,182,182,182,180,177,178,181,188,197,201,211,219,225,232,234,234,233,228,222,221,213,209,203,200,194,191,188,182,174,168,160,153,138,123,110,90,79,72,58,46,40,34,27,24,19,12,2,-5,-18,-27,-38,-50,-58,-74,-87,-97,-103,-105,-108,-113,-113,-114,-119,-118,-119,-120,-127,-131,-137,-141,-142,-142,-145,-145,-146,-147,-146,-140,-134,-130,-122,-117,-112,-104,-96,-83,-76,-67,-55,-48,-36,-21,-10,2,17,32,49,66,86,102,116,130,140,151,159,168,173,177,178,180,192,206,218,229,238,241,249,255,261,259,253,244,237,233,231,232,237,239,244,248,254,259,262,264,259,256,252,243,233,226,221,216,211,211,209,210,213,213,217,214,211,206,201,196,189,180,175,165,158,151,152,151,150,151,150,147,149,152,153,155,150,149,147,150,154,156,161,162,164,165,169,174,184,183,189,188,189,190,196,198,196,193,195,193,189,188,184,177,172,168,164,164,163,162,165,165,167,170,172,173,168,164,156,149,148,144,138,136,138,141,144,149,154,157,158,151,148,146,142,133,131,128,125,121,124,128,131,135,136,138,138,140,141,143,137,139,141,144,150,152,158,164,166,171,175,175,175,180,179,181,186,187,196,199,206,216,216,223,225,225,229,228,225,225,216,213,212,210,211,212,216,217,219,218,219,224,225,225,227,224,225,224,226,227,231,231,234,237,245,254,254,259,264,261,266,268,267,263,263,261,258,255,256,254,251,250,249,249,251,253,253,255,259,261,266,271,272,271,270,262,259,257,259,260,262,265,272,280,290,295,307,310,309,307,304,302,299,291,286,278,281,281,283,294,304,309,315,324,325,328,331,325,316,315,311,308,306,306,311,311,317,325,330,334,344,349,351,351,350,346,345,342,339,337,338,335,333,338,337,347,352,357,362,368,376,382,388,392,393,396,398,399,403,408,407,408,413,418,426,433,445,449,457,469,474,484,489,490,492,495,496,498,502,508,507,506,512,515,523,528,532,536,538,537,536,533,527,524,513,512,507,504,504,504,504,507,502,505,501,504,503,499,491,485,481,479,477,475,473,471,475,471,472,468,466,461,451,448,443,436,435,432,429,425,426,422,417,419,412,411,403,398,393,390,387,389,392,390,395,394,395,395,394,391,386,382,380,371,371,368,364,362,360,359,359,361,359,353,350,343,338,334,327,317,307,298,289,283,280,273,263,254,245,238,229,226,218,210,201,197,191,188,184,176,165,156,147,143,141,126,118,108,102,92,89,84,84,76,72,68,71,68,63,53,46,34,24,19,10,10,9,8,10,13,23,25,30,32,29,27,26,19,15,11,11,7,10,13,24,32,44,50,57,64,66,65,62,57,50,45,43,44,43,45,51,58,57,65,72,73,73,75,72,68,65,56,53,46,47,43,44,42,37,36,36,36,33,26,28,26,23,22,20,18,14,9,5,1,0,-3,-9,-13,-19,-17,-19,-17,-10,-9,-8,-5,-2,2,1,2,0,-1,-2,-6,-2,3,5,10,16,20,33,43,58,67,77,82,86,94,96,98,101,97,102,106,112,118,133,138,151,162,176,181,196,205,210,212,218,220,221,221,224,226,227,234,240,249,257,264,275,280,289,300,307,320,325,335,341,348,351,356,356,357,349,355,356,358,367,368,375,384,389,400,408,414,419,418,422,417,417,414,415,414,418,417,416,420,424,424,427,429,429,427,422,415,415,408,402,395,389,384,381,377,374,367,359,352,344,339,331,327,320,317,307,301,299,290,283,273,263,251,244,239,228,220,210,202,200,195,196,196,192,193,196,196,196,198,192,192,183,182,178,176,177,178,175,178,181,190,196,199,203,205,205,206,210,207,204,202,196,199,197,201,202,203,208,215,223,233,240,249,252,260,262,267,271,272,279,280,279,280,278,281,286,290,298,306,313,317,325,331,335,334,335,333,325,316,314,308,307,307,304,306,317,333,350,359,361,366,368,368,366,365,362,359,355,354,357,363,372,377,389,401,407,417,429,434,437,437,435,437,440,446,453,457,468,482,495,511,528,538,548,556,563,573,576,581,584,580,581,587,592,599,607,609,616,627,633,640,646,647,647,645,640,641,642,641,642,638,633,636,630,626,623,618,609,599,587,572,561,553,545,535,527,518,507,498,490,476,463,452,438,427,404,394,381,380,365,346,332,324,315,305,300,289,284,274,266,258,254,245,239,231,222,215,210,205,198,197,194,197,204,210,214,221,226,232,235,240,239,237,232,233,228,230,236,244,244,259,270,285,297,306,311,316,314,312,314,310,309,306,308,308,319,322,335,341,347,354,357,361,364,363,356,354,352,346,348,351,349,349,350,351,356,355,358,358,354,348,342,335,325,317,309,302,294,290,292,291,290,281,276,269,259,247,240,228,216,207,201,196,189,183,181,175,173,169,166,158,152,143,137,127,124,117,110,103,103,93,95,89,80,78,69,60,53,49,43,34,27,25,17,14,8,4,1,-1,-3,-11,-13,-21,-28,-33,-35,-36,-39,-47,-53,-58,-66,-72,-79,-84,-90,-93,-94,-99,-100,-100,-105,-110,-117,-120,-130,-134,-146,-155,-167,-181,-191,-195,-200,-207,-215,-217,-215,-214,-221,-226,-232,-237,-242,-258,-261,-262,-262,-271,-275,-279,-282,-277,-269,-261,-254,-257,-259,-262,-270,-271,-280,-290,-302,-309,-308,-306,-305,-301,-293,-283,-276,-262,-256,-254,-254,-259,-264,-267,-273,-279,-280,-281,-280,-273,-262,-246,-232,-222,-211,-200,-193,-183,-176,-170,-168,-162,-155,-151,-143,-130,-116,-101,-89,-66,-52,-35,-15,0,4,24,44,67,72,83,89,91,104,113,122,132,149,161,178,195,212,230,244,258,268,277,278,284,282,289,290,295,301,307,320,335,350,363,376,384,390,398,404,409,414,414,416,415,414,423,428,433,436,443,444,451,455,459,459,457,456,457,458,465,470,473,474,475,479,481,485,482,481,478,475,472,473,479,480,482,492,497,508,519,531,538,542,542,541,542,537,539,538,534,542,553,563,578,594,609,627,645,662,677,686,690,688,690,693,694,697,700,709,716,732,747,761,777,791,803,823,836,840,837,840,835,833,830,829,831,829,830,834,836,839,841,843,847,843,843,836,828,812,799,784,766,749,737,717,704,694,682,675,671,662,657,645,635,622,613,593,571,551,527,508,490,475,463,449,442,442,438,439,438,432,426,421,414,405,399,391,376,363,353,347,340,338,339,342,340,348,354,358,364,365,366,367,365,366,369,365,358,354,352,353,359,361,362,365,363,362,363,365,365,362,360,359,358,354,352,345,344,333,327,319,309,299,291,279,272,261,251,243,236,226,219,208,197,183,168,152,140,124,110,95,84,73,63,53,40,30,18,4,-8,-17,-35,-45,-60,-74,-88,-98,-105,-111,-117,-119,-128,-131,-136,-137,-143,-153,-163,-167,-173,-182,-189,-195,-202,-211,-223,-230,-236,-241,-244,-249,-255,-257,-256,-256,-251,-253,-256,-257,-262,-261,-267,-275,-283,-292,-302,-310,-313,-319,-320,-326,-328,-327,-325,-331,-330,-331,-334,-337,-342,-346,-355,-362,-371,-379,-382,-384,-384,-382,-380,-381,-378,-382,-383,-385,-394,-404,-409,-422,-433,-445,-453,-457,-458,-455,-452,-442,-438,-427,-421,-414,-414,-409,-412,-411,-409,-407,-405,-404,-396,-388,-380,-367,-355,-343,-332,-318,-306,-295,-285,-278,-264,-253,-246,-238,-228,-217,-205,-193,-182,-173,-160,-144,-128,-114,-101,-90,-77,-67,-59,-52,-36,-32,-30,-24,-16,-7,-1,9,16,29,39,53,66,82,93,104,109,113,119,124,130,134,143,148,150,162,168,172,183,190,195,201,209,216,218,222,227,234,236,242,249,253,263,268,276,282,286,291,300,304,312,316,319,321,320,326,327,334,336,336,337,338,343,341,340,339,336,334,332,332,330,328,324,321,322,325,321,323,323,320,319,312,312,313,315,306,309,311,316,322,327,330,333,339,343,350,356,358,364,365,368,372,374,380,383,389,393,400,414,419,432,441,447,453,457,462,471,476,482,483,487,492,497,500,510,520,531,544,560,570,580,588,598,602,606,608,605,604,599,603,597,600,607,607,610,614,616,616,616,611,601,593,584,576,561,549,537,527,513,508,506,504,499,496,494,489,487,481,467,457,445,433,422,414,407,397,392,388,386,389,387,386,388,384,378,374,366,360,350,341,335,332,332,336,344,349,356,363,374,381,386,394,393,393,398,403,404,411,417,419,431,441,456,468,479,482,487,490,492,491,490,488,483,482,480,478,476,472,471,467,462,457,452,444,435,424,415,400,385,372,358,346,334,321,312,301,287,279,270,262,250,241,228,213,202,189,176,160,149,136,128,121,114,106,99,88,81,75,62,51,42,30,15,6,-3,-10,-13,-12,-10,-8,-3,7,16,22,30,29,33,34,34,32,31,22,18,15,20,22,34,41,49,59,70,82,93,98,101,98,99,96,94,93,95,93,94,95,105,113,121,131,136,142,146,148,149,145,143,136,135,134,134,136,134,137,139,141,143,146,146,148,143,138,134,129,119,109,102,94,81,71,57,48,35,29,21,11,4,-3,-12,-24,-33,-39,-57,-68,-79,-91,-97,-104,-108,-113,-121,-122,-124,-125,-124,-125,-130,-136,-138,-144,-152,-153,-159,-165,-166,-165,-160,-160,-156,-157,-155,-156,-155,-153,-150,-150,-150,-151,-148,-147,-141,-132,-128,-125,-118,-115,-109,-102,-98,-100,-101,-105,-105,-102,-100,-98,-98,-97,-93,-91,-84,-82,-75,-71,-67,-67,-67,-73,-78,-79,-84,-90,-89,-88,-88,-82,-78,-72,-69,-60,-60,-58,-58,-58,-64,-67,-75,-79,-81,-80,-77,-75,-70,-65,-59,-54,-48,-47,-46,-47,-50,-51,-55,-61,-67,-71,-78,-79,-77,-76,-72,-68,-60,-57,-52,-44,-37,-35,-33,-35,-33,-34,-31,-33,-34,-37,-38,-32,-30,-21,-12,-6,2,5,13,20,24,28,36,36,42,44,54,62,70,76,86,94,102,112,121,132,136,137,143,146,155,163,169,175,185,188,200,211,222,233,238,245,254,265,275,285,294,302,306,317,326,330,335,341,344,347,355,360,357,365,368,372,378,382,381,384,379,380,376,378,376,371,368,365,365,362,367,370,369,374,376,379,381,380,377,377,373,373,369,365,364,353,353,354,356,358,359,364,373,371,378,383,383,386,384,378,373,367,370,366,364,362,367,373,382,395,400,411,421,434,442,454,463,464,470,473,478,486,492,501,504,511,518,527,539,550,559,568,574,584,590,590,592,591,587,585,584,577,579,578,571,572,573,574,575,568,568,559,549,538,528,510,493,478,461,446,436,419,408,393,382,369,358,345,330,319,306,287,272,253,231,213,196,180,163,148,135,126,117,112,101,94,86,79,71,62,54,43,33,21,10,5,0,0,2,5,4,12,19,31,43,44,50,51,59,64,69,72,74,77,82,90,97,108,118,128,136,149,159,170,179,193,203,212,221,231,243,252,262,270,280,290,304,316,329,342,355,365,374,379,387,389,394,395,401,403,404,409,413,419,422,426,426,422,424,421,411,404,398,387,383,375,370,365,362,358,354,350,349,349,344,338,328,324,316,312,308,298,294,290,288,292,291,294,294,293,288,287,284,281,270,259,248,236,227,220,219,215,213,216,217,219,221,222,221,213,205,198,190,183,174,166,161,157,154,155,154,157,157,155,153,150,144,140,132,126,116,111,109,107,105,107,109,110,115,115,115,114,115,115,106,106,98,93,86,82,76,68,67,63,60,62,63,68,67,67,69,69,64,60,58,44,38,26,23,19,12,9,2,0,-2,-4,1,-4,-6,-12,-19,-25,-32,-39,-44,-51,-54,-61,-57,-53,-47,-43,-38,-33,-34,-29,-25,-23,-24,-21,-25,-25,-23,-16,-11,-5,7,14,26,39,53,65,75,81,89,94,104,110,119,127,138,151,165,182,196,215,234,253,267,279,290,295,302,311,315,324,334,342,352,369,381,398,404,413,422,430,435,435,434,434,430,428,427,426,431,433,432,432,430,429,426,420,409,397,379,368,356,343,330,314,301,292,287,284,277,271,261,255,240,232,217,204,185,168,148,130,116,101,89,74,62,59,56,53,48,46,40,32,28,18,9,0,-2,-12,-12,-14,-12,-8,-6,4,10,16,24,29,32,41,45,41,48,45,48,55,69,76,90,105,121,137,158,177,192,210,222,228,242,248,254,263,267,273,283,293,307,325,339,353,363,376,382,391,401,402,401,401,400,401,406,411,419,424,434,442,449,454,459,459,459,456,451,448,444,438,432,430,430,432,434,433,439,436,432,429,427,424,414,408,401,390,380,369,360,357,349,344,338,335,333,329,326,323,317,309,303,292,284,279,272,269,261,257,259,260,266,269,270,272,272,272,278,279,281,277,277,278,276,284,290,305,315,321,332,345,360,374,377,386,390,392,398,401,400,402,403,407,409,417,425,436,442,447,452,456,457,456,450,446,438,431,426,417,415,410,405,406,400,404,399,397,395,389,381,370,362,354,341,333,328,323,319,316,318,318,323,328,331,330,329,325,324,321,319,316,314,314,312,324,326,334,342,344,349,359,365,376,380,380,383,383,384,386,384,385,385,383,387,389,397,401,401,403,403,403,406,406,404,396,393,386,383,378,375,374,368,364,358,356,352,346,340,333,328,319,316,307,301,294,288,283,279,275,269,266,257,250,240,234,220,212,203,196,188,183,176,167,164,159,156,153,153,147,143,143,142,141,142,138,137,134,126,125,124,120,116,110,106,102,101,97,95,96,95,95,92,93,98,93,95,95,96,98,95,98,93,90,83,82,81,81,82,81,82,80,82,85,88,86,85,82,79,82,78,74,75,73,69,69,77,80,85,93,95,97,106,107,110,117,117,115,117,115,116,116,118,121,129,134,140,147,158,168,176,183,193,194,198,200,202,201,200,197,196,194,196,200,203,206,207,209,214,217,220,218,212,203,195,189,181,174,164,156,150,144,143,142,140,139,136,129,130,120,117,112,107,99,92,90,85,82,79,75,74,76,78,82,84,87,90,92,90,94,89,85,80,75,74,71,71,71,75,78,82,92,97,101,109,111,112,115,118,123,127,134,143,150,161,174,184,196,207,222,227,234,242,247,253,255,262,263,268,269,273,281,286,298,299,306,304,304,306,311,313,309,308,304,305,303,305,303,303,302,300,298,300,299,293,289,281,276,271,265,260,256,253,250,248,248,248,245,242,239,234,229,223,217,214,207,202,203,205,206,208,210,218,222,227,236,239,249,256,263,267,271,278,284,293,301,315,327,336,347,361,375,384,400,410,422,431,443,452,465,470,470,473,473,480,489,495,504,510,521,531,546,556,568,575,580,583,587,591,594,599,595,597,597,602,605,607,609,608,603,600,594,593,586,579,571,561,551,544,533,526,519,510,496,492,486,476,467,457,440,428,416,401,388,376,366,357,347,342,331,326,323,320,315,311,303,298,292,288,286,285,278,275,271,272,272,274,270,266,262,257,256,255,257,251,253,255,256,262,269,270,273,276,273,284,286,284,286,286,284,293,296,307,308,313,313,313,313,315,313,310,306,305,302,300,300,295,293,287,281,277,271,262,254,245,236,225,219,213,205,198,199,193,189,181,172,167,159,151,142,133,125,116,109,104,101,98,98,95,93,91,89,85,82,74,68,59,57,50,50,48,45,41,41,43,41,46,49,51,51,52,55,57,61,63,68,73,76,88,94,104,109,117,122,129,136,140,148,152,153,155,161,165,167,172,178,182,187,193,200,204,213,216,217,222,231,235,238,242,244,250,253,257,262,265,268,276,277,279,284,287,291,296,294,294,292,294,290,288,280,278,275,273,273,273,273,271,270,264,262,256,252,245,238,236,229,222,222,221,222,221,219,215,214,213,209,204,197,188,178,169,164,163,162,161,161,159,161,160,163,157,149,141,133,123,115,111,105,100,97,97,102,104,109,109,111,108,107,101,95,87,81,75,66,66,61,60,60,62,63,69,75,77,80,81,81,80,81,76,77,76,79,81,78,82,83,85,86,86,89,85,84,82,76,78,78,76,80,84,87,89,96,102,105,110,111,115,123,129,136,149,152,160,165,175,183,190,192,195,198,201,205,216,223,231,237,246,255,266,272,281,285,284,288,287,287,287,288,287,293,299,306,313,319,326,330,335,338,333,339,334,331,326,325,324,326,328,337,346,352,365,368,377,382,385,389,391,391,392,392,385,385,386,384,385,385,387,390,392,391,385,380,372,362,357,344,331,315,303,293,280,272,263,254,247,243,243,245,245,247,245,244,247,246,246,241,238,231,229,224,226,225,228,229,235,241,249,253,263,266,268,265,263,256,251,245,238,229,218,217,212,207,209,210,214,213,213,211,209,206,204,205,209,209,209,216,221,229,237,240,245,245,248,251,252,255,249,253,250,252,257,263,264,267,266,266,266,260,251,244,238,227,228,227,228,226,229,228,232,237,239,238,232,228,223,224,218,214,215,212,214,210,216,220,222,224,217,215,214,208,202,195,187,178,171,169,168,168,170,172,172,166,171,168,163,160,153,148,143,140,134,133,133,134,133,133,136,138,139,146,144,153,154,160,164,171,181,188,198,205,210,218,223,229,224,231,237,249,262,265,274,287,304,321,331,342,348,358,363,370,374,379,393,405,416,425,443,461,482,497,516,526,535,540,550,555,559,563,567,566,565,568,573,574,575,572,570,565,564,560,560,559,549,544,541,536,535,529,519,513,502,498,495,490,488,481,476,473,470,470,466,466,461,454,446,443,430,421,414,408,400,401,398,399,404,411,413,414,422,420,418,417,410,403,398,395,390,386,382,381,385,384,393,399,404,407,411,412,406,401,391,383,374,363,355,346,340,333,332,334,329,330,324,325,325,323,320,315,315,310,306,306,305,303,297,292,289,286,285,284,286,281,284,280,284,289,293,293,288,288,283,275,272,265,256,245,239,236,234,238,239,237,237,231,224,217,205,194,180,163,158,149,144,141,137,136,138,141,142,142,144,131,125,115,99,87,73,63,51,44,42,40,38,39,36,30,25,22,15,5,-5,-13,-27,-32,-34,-34,-35,-28,-26,-24,-19,-16,-11,-13,-10,-14,-17,-18,-18,-19,-16,-16,-15,-9,-3,3,10,19,22,24,26,23,17,16,14,17,13,19,22,23,33,35,40,38,38,33,26,23,11,8,-3,-10,-17,-21,-25,-26,-28,-33,-37,-43,-48,-56,-64,-72,-86,-97,-110,-121,-134,-141,-156,-164,-173,-179,-185,-186,-188,-193,-195,-198,-202,-205,-207,-214,-219,-230,-240,-247,-249,-257,-258,-255,-252,-243,-229,-217,-206,-195,-188,-182,-174,-172,-167,-168,-162,-163,-158,-148,-139,-126,-112,-92,-71,-52,-34,-18,-2,15,26,35,46,55,64,76,92,106,123,139,152,168,187,203,218,231,245,255,261,275,283,292,298,303,311,313,321,328,334,337,336,336,340,343,346,345,344,343,337,338,336,336,337,329,324,317,314,309,304,303,297,296,292,293,288,287,281,271,266,261,253,243,234,225,213,207,201,193,187,186,181,178,178,175,163,161,156,149,146,143,138,136,134,137,131,133,131,124,126,128,128,135,137,140,145,150,158,164,167,168,170,167,167,166,166,162,165,168,178,192,208,227,240,256,267,280,291,298,303,305,301,301,303,306,308,311,317,321,329,343,353,361,372,374,377,377,379,373,373,368,361,358,360,355,355,362,366,370,369,374,371,369,366,362,357,351,342,335,330,330,326,326,327,324,328,331,334,334,331,328,324,324,323,324,323,327,323,325,326,328,334,335,336,340,346,352,361,365,376,381,384,391,399,407,409,415,414,420,427,436,441,448,458,462,472,483,489,496,506,506,509,513,518,522,526,534,542,549,555,557,558,558,562,561,560,563,563,565,567,567,570,575,585,588,586,584,578,567,563,554,537,520,514,504,500,492,484,483,478,474,471,466,453,435,418,403,381,362,341,320,303,290,279,273,265,259,251,243,233,226,215,206,189,173,160,143,135,125,121,115,112,112,114,116,115,114,110,101,98,86,77,71,69,60,57,58,57,53,61,65,69,79,82,90,97,107,114,122,128,133,140,141,147,148,153,155,157,160,167,176,187,197,199,208,213,217,219,219,217,211,204,200,196,196,199,202,206,207,217,223,228,226,224,215,209,202,194,188,179,177,172,170,174,178,180,184,187,183,176,168,159,142,128,112,93,79,69,55,51,46,37,31,28,19,10,6,-5,-13,-27,-42,-49,-58,-68,-78,-78,-80,-85,-89,-88,-92,-95,-96,-104,-113,-122,-125,-130,-135,-138,-146,-148,-154,-158,-162,-164,-166,-175,-183,-193,-197,-203,-206,-216,-217,-220,-222,-219,-224,-224,-228,-229,-233,-234,-239,-236,-237,-240,-243,-242,-241,-242,-245,-244,-248,-255,-253,-254,-252,-255,-257,-257,-255,-253,-248,-249,-250,-251,-256,-264,-266,-268,-274,-273,-271,-275,-269,-267,-263,-254,-249,-247,-245,-248,-253,-254,-256,-258,-259,-252,-247,-238,-225,-213,-198,-184,-174,-163,-160,-156,-153,-153,-152,-152,-153,-152,-147,-136,-127,-113,-100,-88,-70,-57,-44,-34,-21,-18,-13,-7,0,4,11,23,38,47,63,82,100,124,141,158,175,185,202,210,215,228,233,241,251,264,277,289,305,320,337,353,366,383,398,410,423,434,445,451,459,464,470,476,482,485,494,504,512,518,531,545,552,564,572,580,585,592,588,587,588,590,587,591,592,594,595,595,603,603,609,602,599,594,587,582,576,574,562,562,559,567,573,579,583,585,588,585,591,586,587,584,580,575,576,576,582,583,587,588,590,594,599,602,603,602,600,600,600,605,606,613,619,625,630,637,645,646,652,653,653,658,658,660,659,665,667,675,684,690,701,713,716,722,726,723,722,716,711,702,693,686,677,674,668,667,669,671,670,663,656,649,640,628,612,603,585,567,555,539,529,516,503,492,484,475,465,455,444,434,421,405,396,382,369,353,344,327,316,308,296,283,268,255,245,239,230,224,214,205,199,192,181,174,172,165,155,154,148,151,150,153,152,152,152,155,157,155,155,154,148,149,149,151,152,161,159,163,164,164,165,164,162,162,160,150,149,146,140,139,138,132,127,126,122,117,111,108,94,86,77,67,60,53,47,38,28,18,9,-1,-9,-19,-33,-48,-64,-79,-92,-104,-115,-128,-138,-145,-152,-157,-163,-172,-183,-195,-209,-223,-239,-251,-266,-275,-290,-296,-298,-301,-304,-299,-302,-299,-297,-298,-300,-303,-309,-313,-321,-325,-321,-324,-319,-314,-309,-299,-294,-286,-281,-272,-267,-261,-259,-255,-250,-249,-247,-244,-244,-240,-235,-230,-224,-217,-213,-205,-200,-192,-186,-180,-171,-165,-158,-157,-153,-154,-154,-150,-149,-148,-152,-149,-148,-135,-120,-117,-117,-117,-115,-110,-107,-110,-116,-129,-141,-146,-151,-149,-154,-153,-155,-160,-158,-157,-156,-153,-155,-156,-158,-162,-167,-170,-173,-175,-178,-178,-174,-169,-170,-164,-164,-163,-163,-158,-160,-156,-153,-148,-145,-133,-131,-114,-103,-89,-79,-70,-57,-50,-46,-37,-30,-24,-16,-6,1,15,29,47,64,81,99,108,121,127,144,157,165,172,181,193,209,221,241,258,275,295,312,326,342,348,357,361,366,378,390,400,410,416,427,438,452,465,474,482,489,498,504,510,521,530,534,541,549,556,563,566,571,568,567,568,568,566,568,565,569,566,570,571,568,569,567,560,555,547,545,541,535,536,535,538,539,538,544,545,544,540,536,530,519,517,510,506,506,502,500,498,499,506,510,511,511,513,510,507,504,497,494,490,485,488,489,493,499,504,510,516,526,535,536,541,543,542,544,547,547,547,550,552,558,564,573,580,588,593,599,601,608,612,614,619,618,624,625,632,636,638,634,633,634,631,627,625,621,614,608,612,608,606,600,599,590,581,571,560,546,535,527,513,504,494,483,475,468,459,448,437,420,405,389,370,354,333,314,289,273,261,248,236,222,207,194,180,166,152,137,120,106,87,71,57,43,34,22,9,4,-4,-13,-18,-28,-32,-39,-46,-52,-53,-53,-50,-56,-49,-47,-49,-49,-48,-48,-51,-51,-49,-52,-47,-47,-45,-41,-32,-23,-14,0,9,22,25,31,37,39,40,42,47,49,53,61,65,74,85,94,103,111,114,118,119,115,111,106,105,99,98,94,93,91,94,91,88,84,80,78,70,62,53,43,37,33,29,23,18,12,9,6,7,7,4,-2,-1,-2,-1,8,10,11,11,11,12,11,12,8,11,10,13,21,26,33,40,43,53,62,70,76,81,85,84,88,89,94,98,104,111,122,137,142,158,170,176,183,184,190,192,195,199,201,200,206,214,224,228,240,245,252,256,261,261,260,259,256,251,246,243,237,234,233,229,225,225,221,217,209,202,194,182,173,160,151,146,131,127,124,123,118,111,103,92,79,69,57,40,26,18,9,4,-4,-9,-13,-17,-18,-21,-28,-35,-45,-53,-58,-63,-64,-67,-69,-68,-64,-56,-48,-47,-43,-41,-39,-36,-32,-30,-26,-20,-14,-5,5,15,27,35,45,50,62,70,78,82,88,97,106,117,127,133,146,150,161,172,180,189,199,206,217,222,233,243,246,257,265,269,273,279,281,280,286,287,287,291,292,298,304,312,320,327,338,342,348,356,363,366,372,372,377,376,383,390,394,400,402,405,413,413,417,418,412,414,413,417,415,421,417,420,423,423,426,431,432,433,430,432,429,427,426,419,415,411,410,408,408,404,405,402,397,396,395,391,388,383,378,372,371,370,366,362,361,358,357,355,349,344,338,333,326,324,322,323,326,326,328,332,333,333,333,331,329,324,323,318,316,315,316,322,320,325,322,325,323,319,317,313,308,300,297,292,291,284,282,274,275,272,271,270,269,264,257,251,245,239,232,223,214,205,196,188,183,172,160,151,141,128,126,119,114,109,103,96,94,92,94,89,86,81,76,72,69,63,57,48,44,45,42,44,44,41,39,44,44,44,41,39,36,36,36,32,33,37,40,43,45,54,61,67,77,79,83,89,89,92,95,100,109,116,124,128,137,145,150,157,157,160,160,166,166,168,170,169,175,177,179,185,188,192,189,190,187,190,185,190,185,186,181,185,186,188,190,192,190,187,191,188,187,189,184,181,176,175,175,178,176,171,166,162,158,155,156,153,151,148,149,150,152,152,151,149,150,149,149,154,153,157,159,160,164,169,180,190,200,208,221,232,242,249,260,263,270,274,281,289,296,302,311,321,331,344,358,370,379,385,389,398,401,405,407,409,414,420,424,429,438,442,446,449,452,449,443,439,430,423,414,403,396,386,389,383,382,383,378,373,369,365,358,344,338,321,309,296,284,271,256,246,233,219,210,198,189,181,165,154,148,139,132,132,127,118,120,114,114,111,107,102,101,101,99,102,103,103,102,102,101,106,105,108,108,112,116,120,129,136,146,152,158,167,173,180,189,192,195,197,199,207,213,218,225,230,239,246,260,267,275,280,283,287,288,291,290,288,287,279,278,276,276,278,274,277,274,277,278,276,274,269,264,255,246,236,233,223,222,217,216,215,215,210,214,212,208,207,205,199,198,200,195,197,195,198,200,204,204,205,209,210,210,211,211,207,212,213,217,221,222,226,229,232,235,237,237,242,247,249,256,261,262,273,279,282,285,287,284,282,280,281,278,270,263,260,254,252,254,250,249,239,233,223,219,213,207,198,190,183,182,176,176,174,169,167,166,160,161,160,152,142,134,122,117,108,102,93,86,84,78,78,79,78,82,82,85,84,85,85,80,80,73,73,76,80,81,84,84,88,95,99,104,108,109,112,115,120,126,127,134,139,142,149,161,168,170,177,181,183,189,195,201,207,209,215,218,224,230,229,234,232,236,239,242,245,255,256,263,269,276,283,295,303,305,311,316,319,323,324,328,331,336,347,353,358,368,374,378,386,391,397,404,407,414,421,430,435,439,442,449,453,451,454,455,454,459,462,469,470,477,484,489,500,499,500,500,499,490,490,485,477,467,462,459,454,454,455,455,452,451,447,446,444,437,434,421,410,400,390,385,380,373,363,357,351,348,347,345,339,327,317,308,301,295,286,279,273,267,268,272,274,269,270,271,276,270,264,262,260,260,251,247,240,242,248,247,245,242,243,252,256,253,247,246,243,247,252,256,251,252,244,247,253,257,261,262,257,260,263,268,270,278,281,286,290,290,289,290,290,288,289,286,281,284,285,286,286,288,287,289,286,281,282,278,268,257,247,244,238,234,229,227,219,222,221,218,218,212,206,195,186,179,173,168,161,156,159,158,162,170,179,184,190,191,198,196,197,194,189,182,181,184,187,194,198,208,220,232,241,252,260,264,268,272,273,273,277,276,280,281,282,292,298,305,316,324,328,334,342,343,348,352,354,348,347,347,343,335,332,322,316,311,306,302,300,294,291,292,284,278,274,264,248,235,215,195,182,168,159,146,129,123,113,107,99,89,82,70,59,50,40,29,24,15,7,1,1,-3,-4,-4,-12,-15,-19,-26,-32,-38,-43,-52,-55,-56,-52,-50,-42,-40,-36,-33,-28,-25,-20,-16,-15,-12,-9,0,5,14,23,32,41,52,66,80,88,95,99,103,110,118,124,137,144,154,165,176,192,209,223,238,247,257,265,272,275,275,276,273,277,279,282,290,295,302,305,312,317,324,327,328,326,325,323,314,313,308,306,301,300,295,288,283,282,277,277,277,273,270,272,269,265,259,245,238,230,222,212,203,194,189,185,185,186,187,190,192,193,194,196,203,201,202,200,196,195,195,199,209,207,210,214,220,232,241,245,244,248,254,256,259,261,262,264,267,274,281,288,300,303,311,318,328,338,345,350,355,360,361,365,366,367,370,374,377,386,391,397,400,406,410,410,410,407,408,401,398,392,389,383,378,375,372,368,368,362,357,350,347,340,330,328,316,309,300,291,282,275,268,262,254,251,247,241,236,231,226,220,219,216,204,200,190,179,174,166,163,158,156,152,152,151,152,153,150,143,139,133,131,128,129,127,124,124,125,131,136,140,144,144,149,154,156,163,163,159,164,165,174,180,184,192,197,205,212,222,231,239,247,256,265,271,282,289,298,302,305,315,322,323,328,333,337,342,349,354,359,364,367,371,376,375,371,368,365,361,359,354,351,343,339,335,334,332,327,323,312,307,300,295,283,270,256,241,231,217,206,198,188,178,170,171,167,165,160,154,144,137,128,119,106,90,78,67,62,56,59,58,59,59,61,65,71,68,71,69,64,61,64,61,63,61,58,63,65,73,77,87,89,92,100,108,111,112,120,127,130,137,146,152,158,163,168,173,184,191,199,208,212,214,219,220,224,222,224,225,225,227,229,234,236,236,241,237,241,237,231,225,219,209,200,195,187,180,176,172,164,156,151,148,142,136,126,118,109,97,88,75,68,61,51,43,41,36,32,31,21,19,10,1,-3,-6,-9,-20,-28,-36,-37,-38,-35,-35,-27,-20,-15,-8,0,8,9,8,4,5,6,8,9,9,10,19,24,35,50,63,74,86,101,108,114,122,126,127,133,142,148,156,169,180,193,205,219,230,240,251,260,267,269,276,278,280,282,284,285,285,288,292,292,293,296,298,301,301,299,297,288,283,268,256,243,227,215,206,202,194,188,184,178,176,171,164,154,140,127,109,96,79,64,42,32,22,17,16,15,17,20,17,20,18,20,18,18,10,9,8,9,15,20,27,36,46,58,77,87,98,109,115,123,132,140,148,156,166,173,184,199,216,234,252,269,288,307,326,339,353,361,369,377,390,402,409,422,431,448,459,473,487,497,508,513,514,520,522,517,518,517,515,519,520,524,522,531,532,530,530,532,526,522,517,505,497,489,478,468,464,456,452,448,450,447,444,443,441,434,426,413,401,387,375,361,352,342,334,325,323,327,331,332,336,333,334,334,333,331,328,321,314,309,306,306,312,311,309,315,318,322,330,332,334,330,331,324,322,316,311,310,305,306,309,311,312,319,322,323,327,331,335,330,330,323,315,305,303,293,289,285,282,280,278,278,274,276,272,267,261,254,246,234,224,215,205,202,195,191,185,183,180,178,174,165,160,149,145,139,131,117,103,99,89,85,86,76,72,69,59,56,54,44,39,23,14,6,3,-3,-8,-15,-21,-25,-28,-27,-26,-26,-30,-30,-37,-39,-42,-41,-48,-51,-51,-50,-45,-39,-33,-23,-16,-14,-1,4,6,13,18,15,15,11,16,18,24,35,42,56,70,85,101,112,126,134,152,158,162,170,172,178,177,183,186,194,199,208,222,231,240,250,255,260,263,264,257,248,243,230,220,210,204,195,190,192,189,188,194,187,180,177,168,160,155,146,134,123,116,107,102,101,100,98,93,88,88,87,78,75,66,60,51,47,46,41,37,32,28,30,32,35,40,43,43,46,55,63,68,74,78,84,88,98,108,117,128,145,155,169,185,195,210,222,236,245,254,264,267,275,287,293,304,315,329,342,356,367,381,389,394,395,399,402,403,405,400,402,403,402,402,412,419,418,426,429,433,432,436,435,430,422,416,405,399,392,384,377,373,368,370,370,368,361,358,353,342,340,330,322,312,300,292,289,279,276,268,265,259,260,255,252,246,242,233,229,220,216,214,211,212,210,212,214,212,212,213,215,213,213,211,207,208,208,207,209,205,207,207,213,216,212,217,224,232,236,235,238,246,254,259,254,253,263,274,283,285,289,295,300,313,330,345,345,352,356,363,364,364,360,361,352,355,358,366,376,370,373,371,370,373,366,362,360,351,348,346,347,341,331,327,325,329,329,330,332,331,332,330,324,322,316,313,309,301,296,289,287,283,276,272,269,266,262,257,253,244,239,233,223,220,216,210,218,223,224,231,233,236,241,244,241,237,238,233,229,228,227,227,227,229,235,241,251,262,272,275,276,276,275,280,275,273,272,273,274,277,282,289,292,295,299,305,309,309,307,302,300,296,293,291,280,279,273,269,268,265,263,263,260,256,258,252,243,233,229,214,201,188,177,165,157,153,142,136,132,126,117,109,102,92,82,66,52,38,23,9,0,-12,-25,-32,-38,-40,-47,-45,-52,-58,-60,-66,-72,-76,-83,-91,-99,-102,-108,-106,-106,-101,-102,-96,-92,-83,-84,-78,-72,-66,-64,-64,-57,-53,-48,-41,-26,-20,-8,5,22,40,51,66,78,90,98,108,118,127,136,155,164,176,194,210,219,235,244,254,263,273,272,277,284,286,286,293,300,307,311,321,326,328,336,335,335,339,334,330,330,331,330,330,327,325,325,324,325,324,323,321,315,308,304,302,299,292,288,283,281,279,276,275,271,265,264,259,257,255,250,243,233,233,226,226,225,222,223,219,221,224,232,233,241,244,249,252,254,259,262,262,261,256,258,257,259,262,265,266,268,272,267,273,276,277,276,276,271,267,258,256,247,240,239,237,235,236,242,247,248,249,249,246,242,236,229,220,213,204,203,203,203,211,216,220,225,226,228,228,229,225,219,218,212,211,215,211,214,217,221,227,236,243,245,243,247,244,244,244,246,247,245,251,256,263,268,274,280,284,290,298,306,311,319,326,324,329,334,338,341,345,346,353,351,353,355,356,359,358,354,356,358,359,361,363,363,365,367,368,368,370,373,372,370,371,368,368,367,371,373,375,376,378,380,386,392,390,392,388,391,391,393,394,395,391,389,391,386,388,381,381,374,366,362,361,360,359,356,356,349,348,342,338,329,318,309,301,297,295,295,294,295,294,297,302,302,302,297,291,284,276,264,254,244,236,231,224,223,220,220,214,215,207,200,192,176,165,156,145,138,131,122,121,122,125,130,137,142,148,148,156,157,159,161,156,149,149,147,148,151,154,155,164,169,181,193,203,211,215,222,226,232,234,234,234,231,231,230,235,240,242,248,250,258,266,279,285,290,291,295,300,301,303,303,300,293,290,285,288,286,288,288,289,293,296,294,289,284,279,267,259,251,239,225,217,206,192,188,179,173,165,161,155,153,145,138,136,128,124,126,116,115,110,107,104,96,94,87,79,72,69,67,64,65,68,71,75,81,89,99,108,112,112,113,118,120,122,126,127,136,142,157,168,183,194,204,214,228,236,248,253,253,255,255,257,263,265,270,280,284,291,300,306,313,317,318,314,308,307,297,282,276,265,250,244,230,223,217,212,208,202,197,186,178,168,155,142,127,108,90,77,64,54,42,35,28,22,21,23,21,21,19,12,9,3,1,-7,-11,-18,-25,-30,-29,-28,-16,-9,-1,9,24,38,54,66,70,76,80,81,83,87,93,102,107,115,126,141,156,173,188,200,212,217,222,229,227,233,235,236,245,251,258,267,277,286,294,300,306,309,308,307,306,299,295,288,283,278,277,275,267,263,257,253,245,243,234,229,220,214,206,201,195,186,183,176,176,170,169,166,156,152,146,141,138,134,132,126,120,120,121,123,126,130,135,138,143,152,158,164,166,165,169,172,176,180,182,187,192,197,206,213,223,234,241,251,264,273,279,286,292,295,297,296,298,301,305,310,316,324,330,337,343,350,356,358,361,354,348,339,334,326,321,318,315,319,325,335,342,343,351,348,351,347,344,339,333,327,317,315,315,319,319,318,325,328,333,337,343,339,337,335,330,326,324,320,314,312,309,312,314,318,325,326,325,326,328,326,329,328,325,322,319,319,320,323,324,329,331,337,345,351,355,360,361,362,360,359,361,362,359,357,364,363,364,369,372,373,374,372,369,363,360,357,348,344,336,330,325,326,328,329,331,337,337,340,340,336,334,324,319,308,304,300,296,291,289,288,291,296,304,307,310,310,309,306,303,295,285,275,265,262,259,256,261,268,271,281,289,296,300,300,296,288,276,268,263,255,247,243,236,241,248,256,258,265,267,267,266,263,252,242,231,221,204,199,191,188,182,182,178,180,175,176,173,171,165,155,146,135,125,115,107,98,93,89,85,84,86,89,93,94,94,96,92,90,90,86,80,78,74,76,80,87,99,108,121,131,146,153,164,169,171,175,175,180,179,180,182,185,188,195,205,214,221,226,230,233,236,231,231,225,217,211,202,201,200,195,190,187,187,188,186,182,178,167,152,134,119,102,83,65,47,35,26,22,15,11,7,4,-2,-9,-21,-32,-48,-67,-83,-98,-115,-123,-136,-137,-137,-135,-131,-124,-121,-116,-117,-113,-114,-114,-117,-119,-115,-115,-114,-103,-94,-82,-64,-46,-26,-9,13,26,40,54,63,74,80,91,97,105,116,128,138,155,167,183,200,219,233,244,250,254,256,256,259,255,258,253,252,257,258,260,265,269,270,270,270,268,260,253,244,233,223,215,209,202,196,187,183,182,181,182,178,173,169,160,152,143,133,125,107,98,96,99,102,100,96,94,97,99,105,104,97,90,86,79,77,73,75,81,88,99,110,121,134,147,155,159,166,167,168,168,170,170,170,182,189,198,208,221,236,246,259,267,275,272,277,278,278,280,277,280,289,296,306,314,320,325,335,342,353,355,358,350,351,352,350,349,346,340,338,337,340,342,342,333,331,327,323,322,319,307,295,279,262,248,241,227,221,209,201,196,194,194,193,189,185,183,178,173,170,160,155,148,144,143,144,148,153,155,163,168,173,172,173,172,170,168,161,161,156,156,159,163,170,181,192,205,217,226,230,237,240,237,233,235,229,228,226,227,234,238,245,258,265,278,286,296,306,310,315,314,311,312,312,310,315,321,324,330,334,342,348,352,354,354,358,357,356,359,355,354,349,350,350,355,357,366,368,369,373,378,383,392,394,398,398,396,398,399,399,398,396,399,400,403,404,401,402,399,397,392,390,385,378,370,364,354,342,336,333,330,328,327,328,327,322,318,312,306,296,282,271,261,250,240,232,229,222,222,221,225,222,221,221,214,206,201,192,182,173,162,152,150,144,146,146,145,145,144,146,150,153,147,141,135,127,126,124,122,125,128,133,141,153,164,170,174,172,173,174,170,167,162,155,148,143,140,137,139,137,134,133,125,127,120,115,112,105,97,90,87,83,74,70,63,59,54,53,49,43,38,29,21,13,3,-3,-12,-18,-25,-26,-31,-31,-36,-39,-35,-40,-40,-41,-45,-48,-48,-52,-55,-58,-60,-60,-58,-55,-50,-44,-41,-36,-29,-24,-15,-10,-4,0,3,12,21,28,38,48,61,79,94,116,130,146,160,175,185,198,213,220,229,233,247,252,264,276,286,294,306,315,329,333,342,344,351,344,345,350,345,345,344,340,337,338,336,336,339,340,337,332,330,316,307,299,287,271,264,251,243,238,235,234,227,231,224,224,217,213,209,198,189,177,165,154,149,141,132,129,122,121,121,117,114,113,109,105,108,103,101,96,96,89,86,85,89,89,93,96,103,104,109,120,124,127,132,136,142,147,151,155,157,162,169,180,189,200,213,221,230,237,248,254,262,266,264,266,264,265,266,262,264,258,261,266,266,267,268,269,272,271,269,268,267,259,254,246,234,226,214,206,204,200,195,189,190,186,187,186,178,181,176,170,166,163,159,155,152,149,144,139,144,143,147,142,146,149,153,160,174,181,190,199,208,216,227,233,241,243,250,251,259,269,283,294,305,321,333,346,361,377,383,391,398,406,414,417,418,423,425,430,434,445,449,455,453,453,456,462,459,458,459,451,444,440,437,432,430,420,419,414,414,410,409,405,398,390,389,381,374,366,355,344,328,321,308,302,293,288,281,278,271,267,261,261,259,253,249,243,236,231,230,218,214,207,199,195,191,190,190,189,186,185,184,183,181,183,181,175,178,173,170,173,173,173,178,187,191,196,201,195,196,196,193,188,187,184,180,177,177,181,186,193,195,200,205,212,214,215,215,211,206,203,200,200,206,210,216,221,224,228,233,239,244,242,239,240,241,239,239,239,235,232,237,236,241,242,241,243,242,238,233,227,222,209,197,184,173,163,153,146,140,135,136,133,128,128,125,122,119,114,103,99,91,84,80,76,72,71,72,77,83,90,93,95,96,100,96,95,89,84,80,75,73,76,75,82,87,92,103,114,125,135,143,150,155,158,160,160,159,154,156,159,167,173,184,195,204,217,228,241,254,260,263,264,263,269,268,271,282,283,293,300,310,321,329,335,339,341,346,343,340,339,340,339,336,345,346,346,354,362,365,369,370,371,369,373,368,368,364,362,358,357,351,347,346,345,340,341,337,330,323,314,302,289,283,273,265,256,245,237,226,222,217,210,206,196,189,181,176,173,162,154,139,136,131,121,117,108,104,96,92,93,90,89,86,80,75,70,68,66,63,61,55,53,53,54,57,60,62,65,69,73,78,84,85,90,91,89,94,94,99,102,109,114,126,136,144,154,161,163,167,167,165,162,162,164,159,157,158,158,158,159,158,158,151,144,136,123,111,103,92,81,69,65,67,67,67,66,71,71,70,70,65,63,55,46,41,32,27,30,27,24,27,29,36,44,46,50,52,56,63,69,75,77,80,85,88,97,105,113,121,127,131,140,149,156,166,168,176,180,188,200,211,217,225,234,245,256,266,281,294,300,311,324,332,342,348,356,360,370,376,379,386,391,393,395,401,406,409,410,413,412,414,412,406,398,393,380,372,363,354,346,338,327,328,321,316,309,307,294,282,275,257,248,231,215,204,196,184,178,166,158,150,141,132,124,110,95,77,66,51,46,36,28,25,18,18,15,14,9,-3,-9,-18,-26,-32,-39,-43,-49,-49,-47,-42,-33,-30,-24,-23,-17,-12,-10,-6,-3,-3,-5,0,9,17,25,35,46,55,67,77,89,98,108,115,123,131,142,146,155,162,167,175,187,195,207,220,229,241,253,260,267,273,280,282,288,292,295,298,302,308,308,311,314,320,323,320,319,315,321,321,321,316,310,296,286,283,278,270,268,262,261,267,269,272,274,277,280,274,273,264,254,247,241,238,234,227,231,236,244,253,260,269,276,277,274,274,274,269,264,259,257,260,270,276,283,290,298,302,310,315,319,322,319,315,316,316,320,323,333,335,344,358,377,389,394,391,391,391,400,405,407,396,395,398,405,417,418,424,425,425,431,439,441,442,441,441,435,433,429,427,425,420,416,412,415,413,411,411,412,411,410,412,414,409,408,405,402,397,388,384,371,365,358,348,343,338,335,324,320,311,308,295,284,276,269,256,249,237,234,226,223,223,223,221,219,218,215,210,201,197,186,177,168,165,165,168,171,177,188,194,204,214,219,216,214,206,203,197,194,189,183,186,188,195,207,218,224,229,235,234,233,229,224,218,212,207,205,209,217,227,235,242,259,270,280,288,286,285,281,277,276,270,267,256,256,251,251,252,250,251,250,249,242,241,231,219,209,189,175,161,151,137,130,123,116,114,113,112,112,112,110,106,104,95,91,79,72,64,57,53,49,48,52,53,58,62,71,72,72,77,79,78,72,68,66,64,61,66,66,74,78,86,98,109,119,127,133,136,134,140,142,143,145,141,147,156,165,175,191,202,216,222,231,236,235,235,229,223,221,216,214,213,216,218,219,223,224,222,223,215,210,199,188,177,171,165,163,154,153,149,144,144,138,135,123,112,100,92,79,68,52,38,27,17,7,4,-2,-6,-14,-21,-32,-43,-56,-67,-78,-93,-107,-117,-127,-135,-138,-144,-145,-146,-145,-147,-145,-142,-147,-148,-151,-151,-154,-154,-154,-149,-149,-141,-136,-124,-117,-107,-99,-87,-76,-68,-53,-46,-43,-37,-35,-30,-25,-17,-9,-4,0,14,22,35,50,66,82,99,112,131,143,154,161,166,174,185,196,205,218,225,240,258,273,290,304,314,322,329,330,331,328,329,324,326,329,335,344,353,359,369,373,380,382,382,381,379,370,365,360,355,352,350,350,349,354,349,348,350,345,337,335,331,326,326,328,326,327,332,332,330,334,335,333,334,333,325,323,316,316,313,313,306,311,316,319,328,333,337,342,341,345,350,355,360,364,370,372,380,388,391,393,401,406,416,424,432,436,439,439,445,449,451,450,451,449,444,445,444,439,433,428,423,416,412,411,410,402,398,396,391,391,386,382,371,362,356,348,344,340,338,332,328,327,323,318,311,300,290,278,269,257,250,237,230,227,226,222,224,224,223,214,210,204,191,181,168,159,148,143,140,141,144,151,157,165,176,185,192,201,207,207,216,222,225,225,233,236,240,251,255,261,270,277,282,286,289,291,299,303,306,312,314,316,320,323,324,331,335,340,341,346,347,353,356,364,361,362,360,366,365,367,363,362,361,361,361,360,359,357,354,349,348,347,344,340,335,326,324,316,309,300,292,286,279,274,268,265,256,253,244,235,228,221,213,207,200,190,189,189,186,184,185,186,185,192,189,189,188,187,186,179,181,180,180,183,187,189,191,195,202,203,208,213,218,225,233,244,258,269,281,296,310,325,336,352,359,370,380,384,392,397,407,418,428,437,447,458,468,483,493,500,506,513,518,522,526,531,531,533,532,534,535,536,535,528,527,521,515,512,509,505,504,504,498,501,500,502,496,493,486,477,466,452,436,422,407,388,377,368,357,353,353,351,348,350,351,349,345,340,336,329,322,312,301,295,289,283,282,281,277,275,276,269,262,251,237,222,205,193,182,173,167,163,165,167,174,180,188,189,198,199,198,202,197,195,197,203,214,224,236,250,264,280,301,321,343,364,381,397,409,419,430,437,444,446,447,452,460,462,470,477,480,492,499,508,517,528,532,536,535,541,542,545,545,545,544,544,545,547,548,547,550,547,548,545,543,538,530,515,508,502,486,476,465,455,440,429,416,396,382,366,344,328,312,295,279,267,256,244,233,226,223,216,215,210,210,203,205,199,197,194,196,197,197,197,202,207,208,218,217,218,218,222,226,232,239,245,247,256,264,274,287,297,302,309,314,322,324,328,324,323,327,329,337,344,354,360,367,374,381,383,385,387,385,375,372,367,364,362,366,366,371,378,382,389,391,394,389,388,385,377,372,366,359,356,352,351,353,359,362,364,368,372,374,378,379,381,383,387,395,398,405,411,418,424,432,437,444,454,464,468,473,485,489,496,506,510,515,524,529,534,535,541,543,544,544,542,546,550,556,562,569,572,576,582,591,598,611,617,627,635,643,654,660,668,677,685,692,702,709,721,725,728,733,738,741,754,763,766,775,785,785,794,797,796,787,780,770,762,753,742,731,726,715,714,713,711,705,699,685,673,655,634,614,591,566,540,520,500,486,471,459,439,426,415,408,391,375,348,326,297,272,261,236,221,208,197,191,193,189,190,188,183,173,164,153,139,128,115,102,88,81,74,69,69,62,64,62,57,44,38,23,10,-2,-12,-22,-32,-43,-48,-55,-55,-59,-57,-58,-55,-58,-63,-62,-67,-72,-75,-80,-84,-88,-91,-91,-97,-95,-96,-95,-93,-95,-100,-99,-105,-106,-111,-117,-120,-123,-121,-122,-121,-123,-124,-126,-122,-119,-116,-111,-109,-106,-107,-104,-98,-97,-96,-95,-94,-92,-87,-77,-65,-58,-48,-37,-28,-17,-13,-4,-4,-3,-2,-4,-2,-2,-8,-3,-1,4,9,20,27,30,34,35,30,29,24,18,12,5,0,-2,0,2,4,7,10,11,13,13,8,1,-9,-15,-19,-20,-15,-14,-5,-1,8,20,29,37,46,51,49,46,42,35,28,29,21,17,16,19,25,36,47,55,67,78,87,94,100,103,105,103,105,98,99,101,103,108,112,115,122,130,136,142,145,149,152,159,161,165,156,155,151,150,147,138,135,134,134,137,131,135,132,130,127,126,117,121,115,112,102,101,94,92,83,88,80,86,97,103,110,116,121,128,127,127,128,124,126,124,131,139,142,152,164,178,195,215,221,231,239,244,261,268,277,284,292,302,315,330,347,357,368,383,394,405,414,430,433,440,448,458,467,475,488,496,505,516,517,526,533,536,540,546,548,549,545,548,547,546,550,546,548,547,544,541,539,533,524,519,517,510,503,503,496,492,489,487,479,478,471,466,463,456,447,441,435,429,424,418,419,417,415,414,408,412,410,411,411,409,408,406,410,410,413,416,414,409,408,405,406,407,406,406,407,410,419,426,437,441,451,453,456,456,453,443,439,433,432,433,437,448,452,465,474,483,493,498,499,493,482,477,464,452,444,433,422,417,414,413,414,410,406,397,387,374,357,340,318,296,271,251,236,220,209,201,193,184,175,170,158,147,133,115,97,81,63,45,34,22,7,-1,-9,-13,-17,-19,-24,-29,-34,-42,-51,-57,-63,-72,-74,-75,-83,-82,-81,-81,-81,-82,-85,-88,-87,-91,-89,-93,-101,-110,-115,-121,-128,-129,-132,-131,-136,-130,-129,-123,-120,-116,-115,-115,-116,-120,-120,-127,-137,-151,-155,-167,-173,-180,-186,-193,-190,-192,-194,-193,-196,-203,-212,-218,-229,-238,-247,-259,-268,-275,-276,-275,-273,-269,-269,-274,-276,-284,-289,-300,-311,-323,-337,-347,-354,-358,-358,-357,-356,-352,-345,-340,-335,-336,-338,-345,-352,-360,-368,-372,-373,-372,-373,-363,-353,-347,-337,-328,-321,-316,-312,-313,-317,-323,-327,-332,-338,-336,-340,-336,-331,-321,-314,-304,-294,-291,-285,-284,-282,-282,-289,-295,-298,-302,-304,-303,-298,-294,-288,-277,-262,-246,-237,-229,-229,-223,-218,-223,-221,-222,-228,-225,-226,-220,-212,-203,-192,-184,-172,-164,-150,-141,-131,-131,-130,-134,-139,-142,-149,-153,-157,-164,-162,-160,-154,-145,-133,-122,-111,-101,-92,-90,-89,-93,-102,-108,-110,-116,-121,-121,-121,-118,-104,-96,-85,-77,-66,-63,-61,-58,-63,-66,-75,-83,-88,-87,-90,-85,-76,-69,-61,-48,-41,-35,-28,-28,-21,-19,-15,-12,-9,-5,4,14,24,34,46,56,67,77,84,91,93,95,97,102,110,121,128,135,147,161,174,189,200,213,218,223,227,235,235,238,241,241,252,261,276,290,308,323,338,355,369,387,396,406,409,414,418,423,435,441,451,465,472,492,508,520,533,544,554,564,569,576,579,579,585,582,588,589,593,598,604,612,618,627,638,643,648,653,649,650,646,638,630,625,612,603,599,597,595,599,603,607,610,613,607,604,595,594,578,566,548,528,516,513,510,498,496,501,503,508,504,502,492,484,475,463,456,450,437,433,429,428,428,430,433,430,423,418,415,410,404,395,386,376,364,358,354,349,339,329,323,315,307,300,291,278,265,251,234,221,210,196,182,168,156,142,134,125,111,96,79,65,46,37,25,12,-6,-12,-23,-25,-29,-34,-40,-49,-56,-65,-69,-79,-84,-96,-102,-111,-109,-110,-105,-102,-107,-101,-98,-95,-90,-89,-87,-85,-84,-78,-72,-69,-64,-63,-61,-62,-54,-51,-44,-39,-32,-24,-14,-4,7,17,24,32,42,46,49,46,49,45,43,47,55,59,68,78,85,91,100,103,100,98,87,78,68,55,42,34,28,26,18,20,18,14,13,8,-3,-14,-32,-46,-65,-83,-98,-117,-132,-151,-161,-171,-177,-185,-188,-199,-210,-222,-231,-247,-261,-276,-291,-306,-319,-329,-332,-336,-340,-345,-346,-349,-350,-350,-350,-357,-366,-373,-379,-385,-390,-395,-397,-399,-399,-396,-391,-384,-390,-389,-387,-386,-381,-379,-376,-378,-377,-373,-370,-364,-357,-354,-353,-348,-342,-335,-334,-328,-320,-319,-310,-306,-295,-294,-292,-285,-289,-289,-291,-289,-292,-284,-281,-273,-267,-261,-252,-245,-242,-237,-240,-235,-238,-240,-241,-242,-246,-246,-246,-245,-241,-240,-235,-238,-238,-239,-243,-244,-246,-248,-252,-259,-264,-268,-266,-267,-263,-262,-258,-254,-251,-250,-246,-240,-240,-239,-234,-226,-217,-204,-189,-181,-172,-160,-151,-137,-123,-113,-108,-96,-87,-76,-64,-46,-34,-18,-4,20,40,59,82,98,110,126,137,145,158,170,173,186,204,225,244,266,288,305,328,347,369,381,394,403,410,416,424,434,444,454,463,476,489,503,518,529,542,548,553,561,567,567,566,569,564,564,564,563,563,565,565,565,570,572,578,582,587,593,589,585,576,570,558,551,539,532,527,522,516,520,521,522,527,533,532,534,530,528,519,508,497,484,474,463,459,455,449,453,457,462,467,470,469,466,462,456,450,444,437,427,418,415,408,409,415,411,415,416,418,419,420,416,414,402,399,395,389,388,389,389,388,393,403,411,421,426,432,439,439,445,445,447,452,455,458,467,475,479,488,494,496,502,506,507,511,511,510,510,513,513,514,517,519,516,520,513,507,502,497,491,480,470,461,451,441,432,424,411,401,394,383,373,363,355,346,336,325,315,306,297,288,279,265,254,245,238,232,222,211,209,205,200,198,196,188,179,172,165,152,144,139,128,123,117,121,121,125,125,128,130,134,138,143,143,141,142,136,137,140,141,150,155,162,169,178,192,200,210,215,221,224,229,227,229,229,224,221,226,232,240,244,254,257,262,261,262,258,257,248,240,231,222,217,209,202,201,198,199,200,199,196,188,181,178,169,153,148,137,131,120,113,105,96,92,84,79,71,66,55,49,41,35,31,26,20,17,14,11,10,9,7,7,8,7,9,16,17,15,16,17,22,25,31,36,35,41,49,58,71,82,95,105,118,134,150,161,172,177,183,188,200,208,213,228,241,261,277,302,318,335,349,363,374,384,391,396,404,409,415,423,435,443,458,469,479,493,505,514,518,518,516,513,512,506,502,500,500,494,499,504,508,510,515,515,513,508,501,488,483,471,460,450,446,439,439,437,438,445,448,446,445,438,431,423,415,403,389,377,371,364,367,370,370,375,381,382,388,391,393,393,388,384,387,382,384,379,380,382,388,394,406,421,437,446,459,471,486,495,505,511,517,521,526,532,536,541,549,559,565,582,596,609,622,629,637,642,646,644,642,639,635,634,637,639,643,649,659,665,671,676,676,675,669,664,654,645,637,629,623,616,610,609,602,601,601,597,599,592,583,568,551,534,519,502,489,478,466,459,457,455,458,458,453,452,449,440,436,426,406,392,375,364,351,351,341,335,333,336,338,342,338,333,327,318,310,298,290,275,264,258,252,248,247,249,253,252,252,249,251,248,246,242,237,231,230,230,229,229,230,231,238,247,254,262,271,280,282,288,291,294,293,290,283,279,278,274,270,269,270,272,275,279,281,281,280,277,265,257,241,230,218,204,191,185,175,168,165,164,165,161,160,156,147,138,127,114,97,82,65,54,40,36,30,26,25,23,20,17,14,10,5,-4,-13,-25,-32,-38,-44,-50,-56,-54,-57,-48,-43,-37,-35,-37,-30,-31,-28,-27,-29,-24,-21,-17,-5,4,15,25,36,50,64,75,82,84,88,89,96,98,106,111,115,120,125,132,141,147,152,157,161,167,172,177,180,183,182,186,186,190,193,193,190,190,187,186,181,178,176,169,164,160,153,147,139,132,120,117,111,106,101,96,87,79,73,61,49,40,23,8,-3,-18,-29,-44,-53,-61,-67,-72,-78,-78,-79,-83,-88,-94,-102,-113,-125,-135,-147,-155,-160,-165,-165,-160,-153,-142,-136,-126,-118,-113,-105,-103,-98,-101,-105,-107,-103,-100,-89,-77,-65,-54,-36,-16,6,22,39,50,55,61,69,71,77,83,91,99,116,128,149,164,175,187,197,205,211,216,214,212,209,211,211,217,220,219,225,231,242,246,256,261,265,270,273,278,279,280,278,271,274,267,264,263,261,261,262,270,269,278,282,288,293,297,296,298,295,292,285,280,275,270,269,270,275,281,289,296,303,313,319,328,333,338,342,348,354,361,370,378,388,398,410,422,439,450,456,460,468,476,481,492,499,507,520,528,546,554,569,572,581,586,592,599,606,615,614,618,627,637,652,661,672,685,694,707,711,721,720,719,713,711,708,704,702,701,706,709,714,726,735,744,747,750,749,746,739,734,723,719,710,704,701,700,701,702,705,706,705,706,703,700,694,688,680,672,662,654,648,647,646,646,640,637,640,636,637,636,636,629,625,620,616,610,600,591,581,572,568,563,563,561,559,563,566,571,577,578,574,573,566,560,553,547,535,527,523,521,528,532,536,539,545,547,550,553,551,544,531,521,512,506,497,491,483,478,472,469,468,462,458,446,436,425,408,397,382,369,353,337,324,315,304,298,288,279,269,263,248,238,223,205,185,168,151,134,120,109,96,83,73,61,46,31,18,2,-16,-35,-55,-68,-86,-101,-115,-126,-136,-141,-149,-154,-163,-170,-176,-181,-187,-187,-185,-186,-185,-185,-181,-183,-176,-177,-175,-175,-176,-177,-175,-172,-167,-167,-163,-162,-156,-148,-144,-135,-135,-131,-125,-120,-112,-105,-98,-92,-87,-81,-78,-68,-61,-54,-55,-58,-59,-59,-58,-54,-53,-54,-51,-44,-41,-37,-25,-22,-23,-22,-30,-37,-45,-53,-62,-70,-76,-84,-85,-86,-86,-83,-82,-85,-86,-92,-97,-108,-124,-138,-153,-167,-175,-183,-189,-192,-192,-191,-190,-186,-190,-190,-200,-207,-217,-229,-241,-252,-263,-277,-282,-287,-286,-279,-277,-274,-270,-267,-263,-265,-271,-273,-278,-281,-284,-284,-282,-279,-272,-263,-256,-244,-231,-221,-212,-199,-194,-190,-183,-177,-171,-166,-159,-154,-149,-141,-134,-125,-115,-104,-96,-83,-76,-63,-55,-48,-43,-43,-41,-46,-47,-49,-50,-51,-50,-43,-39,-25,-16,-9,1,9,9,13,8,4,3,-7,-10,-15,-15,-9,-1,7,14,20,27,36,42,42,42,37,27,23,18,16,15,16,23,35,48,67,85,103,116,127,137,143,151,155,159,160,163,176,187,205,222,243,260,284,308,327,346,360,371,382,393,405,413,429,443,456,473,492,508,523,540,558,564,576,585,592,598,602,609,617,627,640,651,665,679,689,699,708,711,718,719,728,731,732,735,739,745,752,760,768,769,776,779,782,792,794,795,794,794,791,789,784,778,769,760,751,750,744,743,741,742,741,744,747,751,752,750,743,736,729,722,707,697,686,672,661,653,649,647,643,637,632,631,626,618,611,605,598,590,586,579,576,575,572,572,568,569,566,560,557,549,543,532,524,515,506,503,502,499,502,501,505,505,507,507,506,504,499,492,491,488,484,484,482,482,490,493,503,505,511,511,509,508,505,503,499,494,489,491,493,498,500,505,505,505,506,506,505,496,490,479,470,464,461,457,457,454,449,447,449,444,443,437,428,421,414,406,396,389,378,366,357,350,340,332,324,317,305,299,292,284,278,274,269,263,262,254,244,236,227,219,212,204,201,201,194,201,207,210,212,213,216,217,220,221,212,209,202,200,198,199,199,203,208,213,221,230,237,239,241,239,238,236,234,235,231,231,233,242,248,252,261,266,272,277,280,281,281,275,268,264,260,255,250,246,245,243,250,248,249,247,246,237,229,221,210,196,183,172,161,146,135,122,111,99,86,76,58,48,33,20,5,-3,-17,-29,-41,-51,-63,-71,-85,-92,-109,-124,-137,-149,-155,-163,-172,-177,-178,-183,-187,-184,-189,-195,-199,-205,-206,-208,-207,-209,-204,-203,-196,-192,-181,-175,-171,-164,-157,-155,-149,-149,-143,-135,-133,-126,-116,-105,-99,-92,-87,-81,-76,-68,-67,-63,-61,-61,-59,-55,-48,-40,-36,-26,-23,-19,-14,-11,-12,-15,-17,-22,-24,-24,-22,-20,-19,-15,-12,-6,-7,-9,-6,-3,-6,-10,-17,-24,-30,-35,-36,-34,-31,-27,-24,-18,-15,-11,-10,-16,-18,-24,-33,-41,-43,-51,-54,-59,-59,-57,-51,-41,-34,-28,-24,-18,-15,-11,-7,-9,-6,-2,1,7,14,24,27,32,38,44,53,56,61,68,74,77,81,92,99,108,115,123,132,139,143,147,154,158,165,170,174,181,189,193,202,205,206,210,207,206,212,214,218,225,232,243,255,271,279,290,297,305,309,314,313,312,311,309,316,321,329,339,346,356,366,375,383,393,394,392,391,388,390,388,393,392,396,405,414,428,439,451,456,458,460,461,462,463,463,461,464,468,479,490,507,525,535,556,568,577,586,586,588,584,579,576,576,577,578,584,588,597,605,613,620,626,631,635,635,627,623,621,614,609,606,604,605,608,611,615,623,621,629,630,631,631,631,631,624,617,606,599,591,581,573,567,557,553,549,550,547,540,536,530,520,508,496,484,467,451,434,427,420,415,411,409,407,410,414,411,409,405,397,384,372,359,343,329,319,311,300,302,296,295,293,292,287,281,275,265,255,246,238,227,220,209,207,206,208,210,216,218,221,223,224,224,217,212,209,206,205,206,212,223,227,239,248,258,265,274,279,277,278,279,276,277,279,283,285,293,302,313,318,325,331,332,329,329,328,324,322,318,317,317,324,328,332,339,348,348,351,351,349,346,344,339,334,333,330,327,322,317,314,311,307,307,299,297,293,290,280,274,264,255,245,236,226,217,205,197,185,176,165,160,152,148,142,141,140,132,131,121,110,101,94,86,78,73,66,62,59,64,70,68,66,69,65,66,64,62,56,46,42,37,38,38,44,47,50,61,62,70,69,70,67,63,57,54,48,46,44,41,45,50,57,68,75,78,78,81,79,71,67,57,48,35,30,28,21,18,18,16,15,14,11,4,-5,-18,-36,-51,-66,-84,-94,-104,-112,-120,-124,-125,-127,-132,-132,-135,-142,-146,-151,-159,-160,-169,-173,-176,-181,-184,-186,-182,-182,-179,-173,-178,-176,-171,-164,-162,-157,-152,-146,-138,-134,-123,-115,-108,-98,-89,-75,-63,-46,-34,-24,-14,0,10,22,31,41,52,57,73,85,101,119,135,153,175,196,214,226,239,244,253,258,261,267,276,282,288,298,311,324,334,348,355,363,374,377,380,381,380,373,373,372,376,377,380,385,388,385,386,395,402,404,400,390,379,370,363,359,348,337,332,326,323,320,321,316,311,303,290,276,260,245,230,212,200,187,181,175,170,174,178,179,182,182,187,186,182,180,174,166,157,155,149,154,149,148,154,160,168,181,188,188,196,199,203,203,202,197,193,185,181,180,183,185,187,189,196,201,212,217,222,220,215,211,203,202,196,198,197,196,202,208,216,218,225,228,229,228,229,223,217,208,201,188,180,175,170,169,168,171,173,167,169,163,161,153,146,135,122,111,104,100,93,95,94,97,100,103,106,110,108,104,96,93,87,81,74,70,65,68,74,78,86,93,106,109,114,119,117,118,115,111,110,111,118,127,137,150,163,176,186,205,216,224,235,235,243,246,255,252,259,264,273,284,299,313,330,342,357,369,381,393,404,417,419,425,434,437,445,454,460,466,478,490,502,514,524,536,547,554,560,561,561,563,552,546,546,540,538,535,537,538,539,542,541,540,535,530,525,519,503,492,477,462,452,442,429,418,410,402,398,392,384,370,361,350,339,324,313,299,288,280,274,269,266,261,260,259,257,259,259,263,254,249,243,240,242,240,241,243,244,251,259,269,280,283,287,287,292,297,301,302,302,306,306,310,318,322,331,343,353,368,369,376,381,386,396,398,395,396,399,402,398,403,403,413,421,420,418,419,414,413,410,407,403,398,390,384,377,367,358,348,338,333,323,318,314,309,303,296,284,280,269,259,249,241,228,217,207,203,199,196,196,192,186,184,176,170,166,156,151,143,136,130,130,125,135,136,141,143,147,154,157,161,160,157,152,146,149,148,147,150,154,160,172,187,204,216,227,234,240,242,247,247,244,244,238,238,238,242,247,254,261,267,279,286,295,302,300,296,291,289,288,284,280,280,280,281,287,291,292,294,290,287,281,276,265,257,246,235,230,223,216,214,208,204,197,197,190,188,185,180,169,162,157,150,143,136,129,120,117,111,112,112,113,115,116,120,119,126,125,127,125,126,120,115,113,108,109,109,112,113,117,124,131,139,143,148,150,152,151,158,162,162,162,163,165,168,174,178,181,181,180,178,179,176,175,168,166,161,159,162,159,159,162,161,166,167,169,168,162,158,154,149,145,143,139,136,132,131,133,139,142,140,137,134,135,127,123,120,111,99,97,94,94,96,99,104,105,109,116,118,114,114,109,104,98,95,92,85,87,81,84,86,85,87,91,91,93,95,94,94,95,92,93,93,91,90,93,94,100,97,104,107,111,116,123,127,129,136,133,135,131,131,129,129,128,125,128,131,135,143,150,159,165,176,183,190,193,193,194,196,197,202,210,219,226,237,252,268,282,300,310,322,329,340,340,343,344,343,341,340,340,343,353,360,364,371,378,384,387,399,395,390,390,384,377,379,376,375,368,369,369,369,374,371,368,364,359,353,346,335,329,316,308,299,294,290,284,285,277,272,270,268,260,255,249,243,240,238,233,238,234,233,233,233,232,236,235,234,238,238,239,243,243,250,251,252,254,255,260,260,263,266,264,267,268,272,276,284,289,293,295,297,299,304,307,309,317,319,325,330,334,343,345,349,345,346,343,342,345,338,338,334,333,337,339,345,346,345,340,335,331,324,312,300,285,267,251,240,227,218,209,202,194,195,190,189,185,170,164,151,141,130,121,112,105,98,93,89,95,96,97,100,104,103,104,107,103,96,91,87,84,86,86,89,97,102,112,119,126,135,140,143,147,148,155,155,159,163,165,173,184,195,204,218,231,238,250,258,264,274,284,293,300,308,310,316,322,326,332,334,337,336,339,347,347,350,353,358,356,357,358,355,350,346,336,331,321,318,314,315,309,307,309,303,301,299,291,285,278,268,256,249,241,232,226,219,218,216,216,213,209,204,199,194,189,183,174,167,158,161,156,156,151,152,150,150,151,155,157,155,154,151,152,152,149,148,145,149,153,163,170,179,187,189,197,199,207,211,210,214,214,218,217,221,223,225,227,231,238,240,242,244,242,239,241,239,240,240,240,239,239,237,236,236,233,231,225,224,223,217,212,212,205,202,196,192,189,181,175,168,157,151,144,134,127,125,120,113,109,103,95,93,88,83,78,72,69,66,68,68,70,67,64,59,61,58,54,49,44,39,40,41,45,51,60,65,70,79,85,87,88,87,83,81,80,78,78,78,78,82,88,97,106,117,123,129,133,135,134,137,135,129,130,130,134,138,147,155,170,178,194,209,220,227,235,237,239,241,241,240,241,244,246,252,265,270,277,287,294,300,303,305,310,310,309,309,307,310,312,312,317,321,323,326,325,326,325,326,325,323,321,317,314,308,305,300,293,283,277,273,272,264,264,255,250,246,240,240,233,230,221,212,205,194,192,182,176,169,164,159,155,150,150,148,143,140,134,136,132,128,126,121,119,116,114,116,114,113,116,119,122,126,127,129,131,134,140,143,145,152,156,158,161,169,173,181,188,195,201,206,216,222,223,228,232,234,237,238,236,239,240,241,244,241,238,237,234,231,229,224,221,215,208,200,197,189,184,174,166,154,149,138,133,122,109,102,94,79,72,63,47,37,25,16,11,4,-8,-19,-26,-32,-42,-46,-50,-56,-65,-70,-79,-85,-89,-99,-105,-109,-110,-109,-110,-102,-101,-98,-96,-92,-84,-81,-79,-75,-72,-72,-67,-60,-53,-46,-39,-32,-18,-4,7,15,26,32,35,43,48,54,66,77,81,90,103,112,124,131,143,148,156,165,168,172,181,182,189,189,190,191,195,197,194,199,197,193,192,189,185,183,175,168,162,153,151,147,141,133,130,119,111,109,103,98,90,83,79,79,75,72,65,57,55,50,44,37,34,32,30,25,25,25,27,29,28,31,32,39,45,46,48,50,52,54,55,60,64,71,74,82,89,99,107,115,125,130,135,142,148,152,157,165,171,183,191,201,213,227,233,240,249,257,265,272,279,286,297,301,306,307,312,313,313,316,312,311,311,312,313,310,315,309,310,312,311,310,301,295,289,280,277,273,268,261,258,254,252,253,258,258,257,258,254,253,251,249,246,242,234,233,227,232,234,238,241,244,245,248,254,255,258,259,262,264,270,273,276,282,283,286,293,300,310,316,317,323,327,330,337,343,348,350,355,364,371,378,387,392,395,404,407,413,416,419,418,419,421,426,425,432,439,441,447,451,452,457,465,466,468,469,472,464,456,459,456,457,457,464,465,461,455,454,453,454,454,457,462,458,450,441,433,427,417,412,408,400,393,388,383,375,371,367,360,349,335,319,306,290,273,259,240,223,212,201,192,188,179,177,171,164,152,142,130,117,105,93,78,66,59,48,39,33,29,28,22,19,13,5,-4,-12,-22,-29,-37,-43,-51,-57,-56,-57,-58,-54,-55,-53,-50,-49,-45,-38,-36,-37,-38,-40,-38,-36,-30,-22,-12,0,10,23,40,50,61,68,72,78,87,91,90,94,87,88,85,90,95,96,97,100,101,102,103,102,99,94,88,79,75,65,60,54,48,39,40,39,36,37,37,34,31,30,24,21,10,1,-10,-16,-28,-32,-37,-38,-39,-38,-32,-30,-23,-19,-21,-18,-18,-20,-26,-29,-32,-29,-28,-23,-20,-12,-5,10,19,31,43,52,58,65,72,76,84,88,94,99,111,126,145,159,170,181,197,207,222,235,243,249,257,261,268,275,282,291,294,303,312,323,333,342,342,343,347,347,348,346,341,336,333,330,329,330,334,335,331,336,332,332,322,316,302,292,281,267,256,246,233,226,217,212,208,208,205,203,201,197,191,182,173,163,156,146,139,135,129,129,132,137,140,151,159,169,176,186,191,198,199,199,201,206,213,219,233,248,264,284,302,325,340,361,372,386,395,405,411,416,420,428,441,450,467,487,505,526,536,555,566,582,587,595,594,596,593,596,600,602,602,607,613,618,627,633,638,637,634,626,618,611,602,587,574,555,542,529,521,518,514,512,512,509,507,506,498,491,475,461,448,439,424,412,399,394,385,383,383,383,383,382,378,372,371,363,354,344,333,324,319,314,311,307,302,302,298,303,301,298,297,291,281,279,270,263,256,246,245,244,242,242,244,246,248,247,246,242,239,232,229,221,212,203,196,189,188,184,183,188,188,191,191,193,190,187,182,172,162,152,146,143,140,142,142,146,149,157,164,171,172,168,166,161,156,153,153,149,143,145,143,146,152,159,163,166,169,174,175,171,169,161,153,137,129,122,117,113,108,107,110,109,113,117,116,116,107,101,96,84,73,54,35,17,8,2,-4,-3,-5,-2,0,2,5,8,8,5,-5,-13,-20,-24,-32,-37,-45,-48,-46,-41,-35,-29,-18,-8,-3,5,14,23,26,31,35,36,40,44,54,62,71,84,96,110,127,138,152,163,169,179,185,188,196,199,203,212,219,230,240,247,261,266,278,285,284,282,282,278,275,272,270,267,269,271,275,276,279,278,279,276,275,268,264,257,248,238,232,227,225,218,213,208,205,205,195,182,168,157,142,132,120,106,97,88,81,75,79,76,81,80,79,79,77,76,70,64,51,46,39,32,30,31,26,27,33,41,50,63,72,79,84,84,84,83,85,84,82,86,89,101,112,122,137,149,162,171,188,198,196,203,198,195,191,185,183,179,180,182,185,194,201,209,222,227,235,242,240,241,239,235,225,220,217,214,207,211,215,215,220,223,230,231,231,229,226,220,211,206,199,197,192,190,192,195,201,205,210,215,216,218,214,215,215,218,218,219,220,221,226,234,239,251,261,266,274,281,290,306,316,325,337,347,355,367,383,397,407,416,424,430,443,455,462,476,487,495,506,519,525,529,539,551,563,574,585,590,598,601,605,610,610,606,603,603,598,598,597,600,598,599,599,598,597,593,587,578,570,552,535,527,510,496,485,468,458,448,444,438,433,432,426,418,413,406,391,378,364,350,336,324,308,299,291,287,284,280,281,280,281,280,276,271,267,263,250,245,242,241,243,247,254,264,276,290,299,303,312,311,311,307,307,302,299,296,294,299,304,317,329,339,345,359,365,368,370,367,363,359,356,354,357,356,356,361,363,372,375,381,383,384,384,380,376,373,367,358,354,345,340,338,338,335,331,336,332,340,338,333,334,326,319,308,301,294,285,280,272,268,259,256,256,253,251,250,249,248,243,240,238,231,226,216,211,206,197,198,195,191,188,186,187,186,185,185,186,188,183,180,175,175,175,172,172,174,179,187,193,203,210,212,216,213,210,210,209,203,204,205,203,206,214,222,230,239,242,248,252,253,252,249,249,247,247,250,255,261,261,264,270,271,274,275,267,258,248,239,232,223,214,210,205,202,205,200,200,192,187,175,161,144,130,113,93,73,54,39,26,17,5,-1,-3,-11,-15,-21,-25,-33,-45,-59,-73,-92,-108,-125,-138,-154,-165,-174,-178,-187,-189,-188,-187,-189,-189,-194,-198,-206,-209,-219,-229,-237,-245,-250,-255,-254,-251,-248,-244,-240,-231,-229,-225,-225,-226,-230,-238,-237,-247,-249,-250,-253,-253,-253,-247,-245,-231,-224,-217,-212,-204,-201,-198,-197,-199,-201,-205,-204,-205,-198,-194,-187,-180,-174,-162,-153,-143,-135,-132,-130,-127,-125,-125,-125,-125,-123,-120,-114,-108,-100,-94,-88,-82,-78,-71,-68,-66,-63,-55,-51,-47,-38,-28,-19,-7,3,11,21,27,32,39,43,44,41,46,48,49,51,62,67,70,77,88,97,107,118,129,139,147,154,161,169,175,184,192,199,207,215,228,241,255,264,273,284,288,303,312,319,325,327,334,340,349,358,368,378,387,406,419,431,443,453,463,471,477,481,489,493,493,498,503,508,517,529,534,545,554,565,570,575,574,570,559,550,538,526,514,504,496,486,482,483,487,488,487,488,483,475,464,452,437,422,407,388,380,374,372,370,377,380,385,394,397,399,401,398,394,385,379,372,368,364,362,358,363,364,369,371,378,384,386,391,393,394,392,393,381,379,379,378,380,380,389,381,383,389,394,399,409,418,422,418,419,415,416,413,413,411,410,409,412,416,428,431,440,443,449,451,454,452,449,447,440,435,433,432,433,432,431,434,432,438,441,444,447,444,447,452,459,463,464,472,474,483,490,501,509,512,518,515,516,516,512,504,502,494,489,490,495,493,499,502,503,508,509,510,505,501,497,489,480,471,463,464,462,467,470,481,489,494,500,504,506,503,501,495,485,487,481,479,475,476,479,480,485,489,490,488,488,480,474,468,462,453,443,434,424,417,411,407,402,394,389,387,386,383,383,375,375,367,359,351,342,332,318,303,293,282,272,266,253,244,234,223,215,199,184,163,136,115,89,64,44,22,0,-24,-36,-54,-66,-73,-82,-96,-107,-121,-134,-144,-161,-173,-188,-200,-216,-224,-229,-230,-232,-238,-240,-241,-237,-239,-237,-241,-240,-238,-236,-233,-229,-223,-218,-210,-202,-191,-174,-162,-148,-137,-129,-119,-112,-105,-98,-90,-82,-74,-60,-47,-31,-16,2,20,36,55,73,86,99,112,121,133,144,159,171,185,200,209,229,241,257,267,279,288,297,307,315,319,324,332,337,340,346,348,353,358,368,381,383,393,399,409,417,422,423,421,416,407,407,406,411,407,409,411,414,421,430,441,448,452,454,450,450,445,443,434,431,426,428,436,447,461,474,487,497,507,515,524,528,526,524,522,518,525,527,537,545,553,572,588,611,630,649,662,677,685,694,704,705,711,720,727,742,757,775,793,810,829,846,863,883,893,902,902,906,906,909,914,919,928,934,945,950,966,977,984,987,986,986,982,978,971,963,955,943,934,931,922,917,911,905,894,884,873,861,849,835,818,803,787,772,753,739,724,711,701,690,682,674,666,660,657,648,637,629,615,601,586,579,566,556,547,539,537,533,536,538,537,536,538,539,539,536,534,528,523,524,520,526,527,532,535,540,547,553,562,567,571,570,569,573,574,572,574,576,583,588,597,605,616,619,618,624,626,626,626,623,618,615,608,612,617,617,622,630,632,635,638,641,636,630,615,602,590,577,566,552,542,533,525,521,525,514,510,504,496,481,471,452,436,418,402,383,369,358,345,338,332,328,321,317,309,304,291,282,271,252,240,225,209,196,187,176,165,154,144,137,127,119,111,101,91,78,62,47,31,12,-4,-20,-39,-52,-60,-71,-74,-82,-88,-99,-101,-109,-116,-126,-141,-155,-172,-189,-205,-218,-233,-242,-254,-253,-255,-254,-262,-261,-260,-269,-275,-286,-300,-312,-325,-337,-350,-362,-375,-380,-381,-385,-383,-381,-379,-379,-379,-384,-388,-399,-408,-416,-424,-434,-443,-451,-458,-463,-464,-466,-467,-469,-470,-476,-479,-481,-484,-491,-492,-497,-497,-493,-491,-488,-478,-480,-479,-479,-476,-477,-481,-483,-485,-490,-491,-488,-488,-486,-477,-474,-469,-466,-460,-456,-453,-447,-447,-445,-438,-432,-428,-419,-413,-400,-394,-386,-380,-368,-361,-351,-342,-335,-329,-317,-310,-298,-288,-275,-264,-251,-241,-227,-217,-205,-192,-178,-163,-148,-131,-112,-93,-78,-64,-47,-34,-17,-5,13,21,32,47,62,79,98,117,135,148,166,178,184,198,203,206,205,209,216,224,232,240,249,260,275,292,309,323,332,341,341,341,343,339,332,325,318,319,321,327,334,341,353,356,365,372,377,375,372,367,358,348,341,335,328,328,322,327,331,338,339,339,342,343,342,347,340,338,336,336,334,336,336,339,346,351,358,366,377,382,394,403,412,416,425,434,437,440,445,445,448,449,452,452,458,470,477,484,499,505,513,521,530,531,536,533,533,530,530,527,532,533,536,539,544,548,554,547,542,536,525,518,505,494,485,473,459,450,444,434,429,426,415,409,399,391,386,380,371,359,352,351,348,352,351,353,352,350,348,350,349,344,335,331,323,323,321,325,330,336,343,359,372,388,400,409,413,419,420,421,420,421,418,419,424,428,441,451,462,472,485,496,501,506,501,502,496,489,485,479,476,472,472,475,474,478,479,479,479,478,469,465,453,437,423,405,388,372,351,335,316,303,289,276,270,259,248,233,224,210,197,176,155,133,111,88,67,48,32,13,-2,-15,-24,-31,-38,-46,-58,-73,-92,-109,-127,-143,-165,-184,-202,-217,-223,-230,-232,-238,-245,-250,-252,-259,-267,-279,-294,-308,-325,-341,-350,-363,-374,-384,-391,-391,-392,-389,-389,-391,-395,-398,-406,-413,-418,-424,-431,-436,-438,-440,-438,-436,-434,-431,-433,-430,-431,-432,-434,-440,-447,-453,-463,-464,-470,-467,-466,-457,-454,-451,-446,-445,-440,-442,-442,-448,-450,-449,-460,-461,-460,-460,-453,-452,-447,-445,-439,-437,-439,-441,-442,-446,-455,-458,-465,-467,-473,-474,-478,-479,-475,-471,-466,-463,-459,-463,-463,-465,-466,-468,-478,-489,-497,-500,-502,-502,-503,-503,-495,-490,-482,-469,-462,-454,-450,-450,-452,-458,-459,-465,-469,-475,-480,-480,-477,-474,-470,-460,-458,-453,-444,-441,-441,-441,-448,-453,-458,-466,-466,-469,-462,-460,-450,-443,-432,-421,-407,-393,-382,-369,-363,-354,-347,-341,-337,-333,-328,-322,-312,-302,-286,-271,-256,-240,-228,-218,-207,-198,-194,-190,-187,-185,-189,-185,-181,-174,-166,-154,-145,-136,-123,-113,-102,-97,-86,-85,-82,-78,-71,-62,-58,-53,-50,-43,-31,-22,-10,-3,2,5,7,14,15,19,19,26,25,32,38,46,54,54,57,67,69,78,86,90,95,97,102,107,112,121,127,136,143,151,164,174,185,197,204,214,221,233,236,248,258,269,278,288,301,315,328,344,356,370,384,402,414,417,417,427,438,449,461,471,483,500,518,533,550,565,582,594,606,615,616,615,611,608,607,610,606,604,599,596,598,597,602,600,594,589,581,569,558,545,526,507,489,472,460,453,434,433,422,416,408,399,394,384,366,353,338,322,308,294,280,269,258,252,248,249,244,245,241,234,231,224,216,206,202,197,187,188,186,188,190,193,197,198,207,211,214,220,226,227,229,230,232,233,233,234,236,239,245,248,258,269,280,286,294,301,296,301,302,297,292,287,280,274,272,272,272,273,271,268,268,266,263,257,249,235,219,206,196,188,183,176,172,169,169,170,172,170,168,163,155,147,136,127,114,100,88,86,82,80,87,90,92,98,103,108,111,114,110,106,102,100,95,101,105,113,123,133,147,165,179,194,204,211,222,223,230,231,233,236,241,250,258,271,280,292,304,317,327,332,340,342,344,344,343,342,345,351,354,366,370,378,385,394,404,409,417,421,420,421,421,423,419,421,414,409,408,410,413,419,421,424,425,426,424,421,420,410,399,385,366,351,340,329,325,313,308,302,300,300,301,294,285,275,265,252,243,227,212,199,184,175,169,167,158,160,154,148,142,138,132,122,109,96,88,77,67,58,48,45,39,38,40,36,39,35,32,28,23,20,16,7,2,-3,-5,-5,-1,2,3,7,11,10,12,17,15,13,8,-1,-2,-5,-7,-8,-3,-2,3,8,11,15,21,21,23,22,23,21,20,24,21,21,26,29,33,37,45,52,56,62,64,67,72,78,83,82,89,93,99,104,112,122,130,141,146,149,157,156,161,165,161,156,152,151,149,152,153,152,154,163,169,176,189,190,192,193,194,192,195,192,189,190,192,195,203,211,219,223,230,237,243,249,255,261,258,264,264,270,274,277,281,286,296,307,317,326,334,340,349,357,365,373,383,391,393,404,409,421,433,443,451,463,475,488,497,508,518,524,529,536,540,542,543,549,550,554,559,556,562,569,570,574,571,562,557,547,541,536,524,514,501,494,486,478,475,476,471,467,461,456,456,447,441,432,418,407,399,386,378,371,362,353,351,341,339,335,331,328,323,317,315,312,313,308,305,303,303,305,308,314,318,325,333,342,351,362,370,383,390,407,422,438,454,472,488,507,523,543,561,574,588,599,613,624,640,651,667,677,689,703,718,731,739,749,758,762,767,775,779,781,783,784,787,791,792,794,795,797,801,799,798,799,799,797,794,790,785,775,765,754,744,735,724,719,710,703,695,692,681,676,666,657,645,635,620,605,592,576,564,549,541,535,532,533,531,528,526,524,523,519,512,502,492,479,468,454,448,439,431,425,426,427,431,434,435,436,434,433,429,423,416,400,389,378,367,366,363,358,358,356,355,365,368,373,370,365,363,360,352,352,349,346,343,345,346,349,349,353,347,348,341,336,327,321,311,298,281,273,265,253,249,240,231,217,212,200,195,183,176,161,148,140,127,113,101,86,75,62,50,43,33,26,18,7,0,-7,-18,-27,-39,-47,-61,-75,-87,-96,-105,-112,-115,-117,-119,-122,-125,-122,-120,-119,-122,-123,-125,-124,-125,-120,-119,-114,-109,-102,-94,-89,-78,-70,-60,-52,-47,-38,-28,-18,-8,-3,11,19,28,40,51,60,63,69,78,81,88,92,94,93,97,97,101,110,116,121,127,132,138,144,149,151,147,142,138,135,129,127,124,116,114,109,113,113,117,111,109,106,104,101,94,87,82,74,67,62,57,60,59,66,68,74,80,82,88,89,90,90,85,84,82,78,78,75,74,74,78,78,82,83,92,95,100,106,109,114,116,117,117,119,121,124,127,139,144,155,165,176,185,196,204,213,216,224,226,227,236,241,245,252,261,270,287,304,322,336,351,359,369,380,388,391,402,410,413,417,430,438,451,464,474,485,495,504,517,522,524,527,521,523,526,527,529,529,534,537,541,547,554,560,557,558,555,550,547,539,530,519,512,509,505,503,500,495,489,487,478,472,469,458,448,433,422,410,400,393,386,381,374,376,374,372,366,365,358,352,344,341,337,336,331,329,332,334,342,347,357,363,370,378,385,390,393,393,392,387,390,389,386,388,386,386,385,392,397,405,413,422,422,429,432,432,430,427,425,421,414,412,411,410,414,415,421,420,421,423,420,415,406,395,385,370,360,350,339,329,318,308,302,292,287,277,269,258,248,230,217,199,182,166,148,135,121,107,102,90,81,76,65,59,52,44,32,26,11,-1,-7,-14,-21,-27,-33,-35,-35,-29,-28,-25,-24,-27,-25,-27,-29,-29,-33,-33,-37,-37,-33,-31,-29,-28,-25,-26,-19,-16,-13,-3,-1,2,6,10,19,32,40,51,55,60,63,71,76,79,83,88,90,98,103,110,115,115,116,117,117,118,118,111,109,110,109,109,107,107,107,107,107,106,105,101,99,98,92,91,87,87,83,84,78,75,75,70,67,67,65,62,57,54,53,49,45,44,43,41,43,40,43,41,37,33,26,23,18,11,9,4,-1,-3,-3,0,2,9,12,19,27,30,35,41,44,50,52,54,58,62,72,76,86,92,100,109,118,130,140,148,150,151,157,160,166,171,176,183,182,187,194,195,196,193,196,197,196,199,198,199,199,194,194,193,193,194,188,184,180,183,180,179,178,176,173,169,162,155,146,133,120,105,90,78,69,58,53,48,43,40,39,37,33,30,23,14,4,-3,-12,-16,-26,-26,-26,-20,-15,-5,-2,3,3,12,18,25,26,24,13,9,13,21,26,34,39,47,59,66,74,81,90,94,98,103,104,108,113,117,125,137,143,155,163,172,191,204,216,226,236,244,255,263,273,282,290,302,312,329,346,360,373,384,394,406,417,429,436,440,448,454,460,467,472,476,478,482,490,493,499,503,506,509,514,521,526,530,533,532,530,533,533,537,542,544,547,550,554,557,560,562,555,551,546,539,536,526,521,511,502,501,501,504,506,508,506,504,502,496,492,481,472,460,456,453,452,451,450,453,462,465,474,477,482,482,482,476,469,464,452,456,453,452,454,457,460,465,469,470,474,476,477,471,468,465,458,448,441,441,436,432,434,438,435,441,442,443,442,438,432,427,418,410,402,393,388,384,382,375,376,376,376,378,379,374,373,370,366,361,356,348,340,328,319,312,306,301,292,285,284,279,276,279,275,270,264,255,249,249,243,236,225,216,209,198,196,192,188,181,177,175,174,171,166,159,153,147,145,139,139,137,134,133,131,129,128,128,123,120,115,111,109,105,103,103,106,113,119,130,139,144,153,154,153,149,152,144,146,145,145,143,151,152,160,169,177,184,193,195,202,204,209,209,209,210,212,205,204,205,202,201,199,201,196,194,188,187,180,173,165,154,151,150,146,135,133,130,130,129,127,120,112,106,100,96,87,77,66,57,47,45,39,38,35,34,28,23,18,17,16,15,5,5,5,6,7,8,8,6,6,-2,-1,-6,-5,-7,-10,-10,-15,-9,-5,-3,-4,-5,-4,-5,-5,-4,-7,-5,-8,-5,-2,1,7,8,7,10,7,8,9,0,-5,-14,-21,-26,-31,-35,-41,-47,-55,-61,-63,-69,-76,-87,-100,-112,-125,-130,-141,-142,-147,-155,-156,-150,-151,-151,-146,-152,-153,-150,-149,-147,-148,-147,-147,-147,-145,-140,-135,-138,-131,-130,-127,-127,-126,-124,-120,-118,-113,-109,-104,-98,-94,-89,-82,-79,-72,-74,-76,-76,-78,-80,-84,-83,-86,-83,-78,-67,-60,-52,-46,-38,-33,-23,-17,-9,-8,-5,-2,4,11,19,28,36,49,63,76,85,97,103,106,110,112,121,127,137,143,153,164,175,186,202,210,217,223,227,235,241,249,255,264,268,277,288,297,306,313,310,310,307,312,310,311,313,314,317,323,331,339,349,354,357,359,361,360,355,351,352,348,346,347,349,350,356,357,358,360,366,363,366,367,365,367,367,363,365,365,368,372,377,383,388,390,392,398,403,404,408,410,413,419,428,434,442,450,455,461,465,473,475,476,479,483,489,497,505,512,521,525,538,549,561,566,569,573,573,572,573,572,569,565,566,567,567,569,567,569,566,561,554,552,546,539,535,525,517,515,512,510,508,499,496,489,487,480,472,468,461,456,452,451,448,445,441,441,436,437,435,428,425,420,420,413,411,407,408,414,415,421,423,423,420,420,419,413,415,417,410,410,412,416,425,428,433,438,440,447,453,454,456,454,452,454,455,462,465,470,473,476,483,492,496,499,497,494,500,500,507,507,507,508,516,522,529,538,543,545,550,554,557,555,552,549,549,540,537,535,538,531,532,527,525,520,521,511,508,496,484,468,459,448,434,426,417,407,399,390,380,374,361,352,338,329,317,303,294,282,270,261,251,236,227,220,207,198,191,185,173,164,158,147,146,141,134,132,128,123,116,114,110,103,102,102,101,100,99,100,99,93,93,90,86,82,79,77,72,73,70,75,75,78,81,88,89,90,88,83,75,73,63,59,55,50,44,40,42,44,47,46,40,36,33,22,13,2,-13,-28,-42,-58,-68,-75,-86,-97,-108,-116,-123,-133,-140,-150,-161,-180,-197,-213,-224,-242,-256,-263,-274,-278,-283,-290,-292,-297,-302,-307,-313,-318,-325,-332,-340,-345,-353,-354,-357,-362,-361,-358,-357,-354,-353,-352,-350,-346,-343,-344,-340,-339,-339,-334,-333,-330,-328,-329,-329,-327,-322,-317,-312,-302,-297,-288,-278,-265,-254,-245,-237,-234,-223,-218,-211,-204,-199,-191,-183,-170,-158,-145,-124,-114,-103,-90,-80,-68,-55,-44,-34,-28,-18,-11,4,10,24,30,37,44,51,59,67,72,77,80,88,95,103,111,122,128,130,136,143,149,149,151,151,151,152,155,161,165,172,179,185,197,202,211,213,213,213,214,214,214,211,210,212,214,216,222,231,237,241,248,257,261,263,263,261,255,258,258,259,259,266,277,284,297,311,325,338,348,358,366,373,378,382,381,388,391,397,404,414,424,434,445,455,466,474,483,491,500,509,516,526,528,535,539,540,547,554,558,559,568,576,591,602,612,617,626,635,639,643,649,648,649,647,648,651,653,658,662,667,670,679,685,689,694,691,685,676,669,663,659,646,635,629,624,619,625,622,624,620,616,615,614,607,601,590,583,577,573,573,570,573,572,572,574,579,583,582,583,575,570,565,561,558,553,549,546,550,553,556,560,566,568,569,568,570,566,561,561,558,554,554,558,562,566,575,585,593,608,614,621,631,635,635,642,647,652,656,662,663,668,673,674,671,674,672,669,669,668,663,660,655,649,641,634,622,612,596,583,572,555,545,528,516,501,493,475,459,444,425,408,392,372,350,329,310,290,276,256,246,232,220,205,193,182,167,154,133,114,91,73,61,49,35,27,17,12,8,5,4,-2,-10,-15,-22,-24,-33,-36,-41,-47,-51,-49,-45,-35,-31,-28,-25,-21,-19,-19,-20,-24,-31,-34,-36,-38,-37,-40,-32,-24,-17,-3,4,4,7,9,11,5,-4,-5,-12,-15,-20,-18,-16,-23,-17,-6,-1,16,16,19,14,10,7,2,-3,-9,-12,-15,-21,-23,-22,-24,-23,-22,-22,-20,-15,-13,-13,-13,-18,-24,-28,-34,-43,-54,-63,-69,-73,-78,-77,-75,-66,-62,-54,-44,-36,-32,-26,-30,-38,-46,-54,-61,-71,-76,-84,-81,-80,-76,-66,-56,-50,-44,-43,-42,-38,-39,-43,-52,-59,-67,-73,-78,-73,-70,-68,-63,-57,-49,-40,-32,-33,-30,-31,-30,-28,-17,-14,-12,-6,4,11,26,39,50,58,67,78,88,98,102,108,117,121,130,138,144,152,159,164,169,173,178,183,181,181,177,175,179,179,184,185,187,189,189,188,184,183,181,171,167,163,158,158,154,152,153,150,149,146,146,143,139,132,126,119,112,102,102,93,90,85,84,78,74,70,74,78,81,84,92,97,105,120,128,136,142,146,153,163,169,174,181,194,203,217,234,248,263,280,297,311,321,325,332,333,342,346,354,360,365,374,383,391,412,429,440,449,456,461,463,466,463,456,450,445,441,437,437,435,430,430,430,428,428,427,424,418,410,400,392,387,373,364,356,349,342,339,339,332,328,321,316,308,303,291,282,271,264,253,248,239,233,230,224,218,221,218,215,215,214,210,211,211,213,213,211,212,215,213,213,215,217,218,221,224,223,232,234,240,246,250,257,261,266,273,276,281,285,292,292,302,312,323,334,343,350,353,359,365,371,372,374,375,380,383,393,401,406,407,411,408,409,406,403,398,390,385,381,378,378,375,377,375,374,374,372,368,364,352,335,327,315,305,294,280,269,260,257,256,255,256,252,248,244,235,229,220,208,196,187,180,170,170,167,167,169,171,177,183,190,194,197,197,199,196,194,196,197,202,206,218,229,242,253,268,279,291,303,312,324,331,339,346,353,358,364,372,378,392,401,405,412,415,421,427,434,433,437,438,436,439,435,437,431,427,421,419,418,418,422,418,415,415,416,415,411,403,394,384,375,363,358,347,340,335,332,327,330,327,331,327,317,308,300,292,281,270,258,246,238,231,227,228,231,231,231,233,233,232,228,225,218,207,204,200,200,202,206,207,213,219,227,234,239,241,244,243,240,233,232,230,226,226,226,230,233,241,244,252,250,254,257,260,259,261,259,263,261,264,269,274,284,292,301,309,314,318,323,327,327,327,326,324,326,330,334,336,339,340,345,351,358,359,354,358,356,358,357,357,356,356,350,348,349,349,343,343,343,340,339,340,341,342,335,334,328,321,317,311,308,303,296,292,289,283,283,281,278,273,269,265,252,244,229,214,198,183,171,155,147,142,137,132,121,115,107,100,94,86,79,73,63,59,53,57,52,53,55,54,58,61,68,68,64,64,58,55,53,58,54,53,55,61,68,75,85,90,100,105,111,115,117,115,114,110,107,106,112,111,117,115,120,124,131,133,134,136,131,126,119,111,102,94,82,76,68,65,59,56,50,46,40,32,26,18,7,-2,-15,-27,-39,-50,-65,-75,-84,-92,-100,-107,-118,-125,-135,-138,-146,-153,-161,-171,-177,-184,-192,-198,-204,-210,-216,-216,-216,-215,-210,-210,-208,-205,-203,-202,-196,-197,-194,-196,-196,-192,-184,-177,-168,-160,-145,-136,-120,-103,-87,-75,-62,-52,-39,-27,-13,2,17,28,41,52,71,85,100,116,130,147,167,176,190,205,213,223,232,244,253,261,270,280,288,296,301,304,315,318,322,324,324,320,320,322,322,321,323,323,321,321,321,318,315,311,308,297,290,286,278,267,260,254,247,242,238,237,230,227,222,218,220,217,213,212,213,211,210,213,217,215,214,212,213,217,220,225,228,229,232,239,243,249,253,255,260,264,271,280,288,293,295,298,306,312,320,325,333,337,340,345,349,355,361,367,374,381,389,395,399,403,404,402,396,397,390,384,380,374,366,364,363,363,361,362,360,365,366,362,361,356,348,340,336,326,318,309,297,292,289,288,289,291,297,300,307,308,308,305,302,297,294,288,285,283,281,282,287,294,305,314,321,329,342,351,355,358,362,358,360,364,366,375,385,395,406,418,430,445,462,473,479,488,494,496,500,501,500,496,500,502,513,523,536,544,554,565,576,588,596,604,608,613,615,617,617,616,613,612,612,613,619,624,630,630,635,634,632,632,629,624,620,614,609,606,604,599,597,591,587,586,581,573,565,552,543,531,521,515,503,492,485,476,464,460,453,444,435,422,408,393,382,368,353,341,327,316,306,296,287,278,271,260,253,243,231,224,214,208,196,187,179,172,168,169,168,167,169,172,176,173,175,174,172,168,160,157,154,149,151,149,150,152,158,160,164,171,173,171,173,169,168,163,164,159,158,156,165,171,177,187,192,197,203,207,212,211,213,208,202,198,195,196,188,186,185,181,177,182,180,178,177,174,175,175,174,167,163,155,149,144,141,138,137,137,134,133,132,133,134,129,125,116,114,107,100,93,92,82,80,77,79,84,83,91,90,90,91,86,79,73,68,62,49,47,39,33,33,30,28,28,29,31,29,32,31,29,28,22,19,19,17,18,19,23,28,32,41,47,58,66,75,81,91,93,99,105,115,115,125,130,140,150,161,169,176,184,189,195,200,205,207,209,207,214,218,229,236,244,253,263,269,275,282,280,279,277,273,274,271,267,263,259,256,250,246,248,250,251,244,234,222,213,209,207,195,175,160,157,152,148,143,137,127,122,121,120,114,112,106,97,93,85,79,79,65,56,48,50,51,53,56,61,62,70,70,70,71,69,61,54,46,35,29,35,37,36,41,53,65,70,84,97,95,100,104,105,106,103,103,96,97,92,91,92,96,99,106,112,118,121,121,126,123,124,119,116,112,110,105,104,107,112,116,121,127,131,134,135,133,128,125,121,117,108,106,99,95,96,101,107,107,111,112,119,122,125,123,121,118,118,118,120,120,122,123,127,137,144,153,165,170,180,188,197,202,212,218,217,224,229,240,246,259,265,275,284,293,299,309,316,320,320,322,325,331,334,339,342,347,358,370,380,386,390,395,393,396,395,391,389,387,384,382,387,388,393,400,404,408,412,415,416,416,415,407,403,396,389,381,377,375,372,368,366,364,366,366,364,362,355,348,339,330,321,313,306,296,290,285,283,283,288,288,289,287,284,282,279,269,261,246,235,221,212,210,205,203,205,206,212,221,225,227,229,228,226,227,220,219,209,202,193,188,189,191,197,201,206,215,222,229,231,236,236,235,233,232,230,228,229,226,224,227,238,246,255,264,274,279,287,293,293,294,295,297,296,299,302,306,316,326,335,346,356,364,376,383,387,389,391,396,397,399,403,406,414,420,423,431,437,445,452,457,462,463,467,469,469,471,474,471,468,472,474,476,478,483,482,484,482,483,482,485,481,477,472,468,467,467,470,469,469,468,469,468,470,463,457,449,442,435,426,417,413,406,397,394,395,389,384,378,373,363,355,345,332,318,307,292,280,273,268,262,256,255,252,248,250,245,239,232,229,220,212,201,192,182,177,169,171,165,169,165,169,177,182,182,184,183,177,170,159,150,139,124,113,103,101,103,106,109,111,113,117,120,118,119,116,104,94,83,72,63,59,49,41,35,35,33,34,34,32,26,21,15,7,-1,-7,-17,-29,-38,-45,-49,-51,-50,-49,-47,-43,-42,-39,-36,-36,-42,-47,-53,-56,-63,-65,-68,-63,-63,-54,-46,-34,-21,-9,2,12,18,26,29,36,37,42,46,50,56,64,73,83,95,101,106,112,117,121,126,130,129,131,131,132,134,141,142,140,144,145,154,158,161,162,163,165,167,168,166,170,165,164,162,163,164,166,169,169,169,171,170,170,163,161,155,147,141,136,128,124,116,111,107,105,99,102,100,97,91,89,87,85,79,78,75,68,69,75,85,85,89,88,92,92,95,96,98,100,98,100,100,101,103,109,115,126,130,135,141,146,152,160,164,169,163,161,157,154,155,151,150,151,159,166,177,185,191,200,202,202,203,205,205,197,195,186,187,179,180,183,177,180,180,181,183,182,183,176,176,169,166,162,159,157,151,150,151,156,157,160,164,164,165,169,168,171,172,174,169,172,173,176,178,183,189,196,201,214,220,231,236,246,252,260,263,268,269,273,275,285,290,293,301,315,322,331,341,350,358,366,372,383,389,392,401,403,413,422,439,445,458,468,480,491,503,517,524,534,538,543,548,554,561,564,566,572,576,589,597,607,611,615,618,622,621,621,614,606,595,590,582,577,572,571,567,566,563,566,561,560,555,549,535,526,513,504,493,479,467,459,452,443,439,435,430,422,411,410,398,386,377,362,349,343,333,322,322,317,310,303,300,296,290,283,276,267,263,255,246,241,236,231,227,229,226,228,227,229,234,234,233,236,235,234,235,234,230,228,223,221,222,225,226,227,229,229,229,232,232,227,226,225,224,223,224,229,225,230,225,225,224,225,230,229,230,226,224,226,230,227,225,220,216,207,203,200,197,197,192,192,189,193,192,190,182,175,168,164,158,149,141,132,126,121,117,113,111,112,113,103,101,93,89,75,69,56,44,41,35,28,27,26,21,26,24,25,26,27,27,28,28,30,30,32,39,40,52,56,65,76,87,97,105,113,118,123,126,132,140,143,148,153,157,163,169,178,188,194,201,203,209,211,213,211,211,207,206,206,208,211,207,206,205,206,205,203,199,194,180,172,162,151,144,135,123,118,108,101,93,89,79,72,62,54,47,38,26,12,-2,-16,-31,-39,-52,-58,-67,-74,-79,-79,-80,-83,-85,-86,-92,-97,-100,-106,-115,-124,-132,-139,-145,-146,-148,-141,-135,-132,-126,-114,-107,-103,-99,-97,-96,-98,-97,-102,-106,-106,-108,-105,-102,-99,-95,-87,-78,-69,-60,-55,-55,-53,-53,-53,-52,-54,-59,-59,-60,-56,-50,-46,-39,-32,-24,-14,-9,2,5,6,6,6,6,4,8,7,8,13,16,22,28,33,39,39,42,41,46,45,39,37,33,29,32,36,38,35,40,43,47,49,52,55,53,56,54,55,54,55,55,50,47,48,46,51,51,52,51,54,63,62,69,69,76,72,75,71,70,69,69,67,67,69,72,75,80,81,86,88,92,97,100,102,104,105,108,110,112,122,126,135,143,154,164,169,177,182,186,195,201,212,213,220,227,236,244,250,255,267,272,279,282,291,291,295,294,300,297,298,302,305,312,316,315,313,316,321,327,321,322,318,317,314,312,312,309,308,307,304,297,290,284,273,262,252,239,227,215,207,201,197,196,194,187,188,185,186,185,180,173,164,155,148,141,141,138,131,131,131,137,141,146,145,145,150,149,152,152,154,153,153,155,161,162,171,173,179,183,187,192,202,208,215,217,223,233,239,244,246,251,255,261,263,271,275,283,291,301,315,325,335,343,356,363,369,373,381,381,386,388,390,393,402,402,408,414,421,422,427,429,431,428,431,427,429,425,423,422,422,424,425,425,430,427,427,424,424,422,420,418,410,409,410,408,410,410,409,410,405,408,413,410,412,408,405,406,406,409,411,412,410,418,421,428,434,437,435,436,435,439,438,440,439,444,447,451,459,467,476,478,488,494,499,503,503,499,498,494,488,494,491,490,492,493,493,494,495,494,491,488,485,477,475,465,455,447,437,425,412,397,382,362,348,330,318,309,302,301,303,306,311,311,309,305,296,280,265,241,214,185,157,135,116,102,94,88,89,92,96,99,96,93,81,66,45,23,5,-14,-25,-35,-41,-39,-29,-16,2,23,35,46,52,56,57,50,41,24,15,6,2,11,21,39,57,73,96,112,129,136,136,132,126,114,102,89,85,72,64,60,67,73,81,87,92,98,104,109,111,109,113,109,109,107,106,107,106,112,113,116,122,127,128,136,141,142,145,145,146,149,147,147,147,150,151,150,154,154,156,156,156,145,142,135,123,116,102,89,79,68,61,57,52,46,43,39,37,32,31,26,20,16,13,10,16,23,31,45,53,63,80,90,104,111,111,113,112,114,114,117,118,126,131,142,152,171,184,194,202,205,209,208,208,204,203,202,205,213,222,234,252,270,287,310,325,344,353,362,362,361,366,360,359,365,372,382,395,408,423,436,450,465,475,482,486,488,492,492,496,501,507,514,525,538,552,565,577,586,591,596,601,600,604,603,597,596,593,593,595,595,599,599,601,601,606,609,615,616,624,626,628,634,645,651,657,661,666,675,682,692,703,712,725,733,749,763,778,791,807,820,830,842,852,860,869,875,885,898,908,917,934,948,963,977,994,1012,1020,1032,1046,1064,1075,1087,1097,1103,1117,1129,1144,1158,1176,1190,1204,1227,1243,1261,1280,1293,1311,1328,1344,1365,1380,1392,1408,1420,1436,1448,1461,1469,1478,1484,1491,1497,1506,1515,1520,1526,1531,1538,1541,1547,1548,1546,1539,1532,1524,1518,1509,1497,1488,1477,1469,1465,1461,1459,1455,1449,1442,1437,1426,1419,1401,1387,1369,1351,1333,1320,1308,1296,1285,1272,1263,1251,1247,1238,1229,1215,1205,1185,1169,1150,1128,1110,1090,1069,1054,1041,1029,1020,1014,1008,1004,1000,1001,999,994,988,986,977,967,959,950,941,936,934,936,938,939,942,948,954,955,954,951,939,929,919,906,891,880,863,848,837,828,818,808,800,785,771,757,739,723,707,683,660,629,605,583,562,541,520,501,481,465,447,427,407,382,352,324,299,272,245,218,190,166,142,121,101,83,65,51,29,12,-2,-22,-43,-61,-77,-94,-109,-120,-132,-140,-147,-155,-160,-167,-175,-183,-191,-195,-200,-204,-205,-207,-208,-207,-206,-204,-202,-207,-208,-212,-217,-224,-231,-238,-244,-249,-251,-249,-247,-246,-248,-248,-250,-249,-248,-245,-246,-253,-255,-256,-254,-257,-260,-259,-261,-267,-271,-276,-280,-287,-294,-304,-313,-323,-331,-340,-350,-362,-374,-389,-399,-411,-425,-436,-449,-459,-474,-484,-495,-509,-516,-527,-538,-547,-555,-567,-578,-587,-597,-604,-614,-624,-631,-639,-642,-647,-645,-647,-646,-646,-638,-637,-634,-630,-628,-627,-628,-627,-623,-623,-618,-616,-611,-603,-595,-582,-571,-560,-554,-544,-535,-526,-514,-505,-498,-493,-488,-475,-464,-446,-428,-414,-396,-375,-355,-338,-320,-307,-296,-282,-273,-261,-251,-242,-235,-225,-218,-207,-195,-182,-171,-161,-146,-137,-129,-121,-111,-108,-103,-102,-106,-100,-102,-105,-104,-104,-102,-96,-92,-85,-83,-75,-70,-67,-65,-62,-62,-68,-67,-64,-66,-65,-63,-64,-58,-54,-49,-45,-42,-42,-40,-39,-38,-37,-37,-40,-41,-38,-31,-27,-16,-11,-6,-1,3,10,16,25,27,30,33,41,50,61,71,80,89,100,109,120,126,133,139,141,144,145,150,155,162,166,172,176,184,190,199,207,211,214,217,216,218,215,216,214,216,217,224,228,237,246,250,257,264,266,267,271,267,265,263,260,258,258,262,266,267,272,279,281,283,287,293,287,287,284,283,281,277,276,269,266,261,260,260,261,261,260,260,258,260,256,257,252,249,239,235,232,228,226,221,220,216,217,220,221,221,219,209,207,199,196,185,176,166,155,150,145,138,135,134,134,133,136,137,137,137,135,131,126,121,114,108,107,104,104,105,107,108,109,118,126,130,137,138,136,140,141,137,136,131,135,131,130,138,145,149,151,155,159,154,153,151,144,134,124,114,107,102,94,95,87,84,80,80,74,72,68,60,52,45,38,21,15,9,-2,-12,-15,-24,-28,-40,-47,-54,-64,-76,-88,-99,-109,-115,-129,-134,-145,-156,-163,-173,-185,-192,-199,-203,-205,-208,-209,-210,-210,-212,-211,-214,-218,-221,-221,-222,-226,-223,-225,-223,-220,-221,-218,-217,-213,-212,-211,-212,-214,-218,-221,-220,-224,-218,-212,-208,-205,-201,-195,-190,-185,-184,-181,-183,-188,-189,-194,-196,-200,-207,-213,-210,-211,-207,-208,-208,-207,-209,-207,-215,-219,-220,-229,-235,-243,-254,-259,-267,-271,-277,-283,-291,-295,-302,-307,-311,-317,-322,-324,-326,-327,-322,-316,-313,-305,-296,-289,-280,-275,-271,-270,-274,-276,-282,-289,-293,-300,-302,-300,-300,-294,-282,-273,-267,-260,-250,-251,-245,-243,-240,-240,-238,-237,-236,-232,-224,-219,-214,-207,-200,-194,-189,-181,-174,-169,-167,-164,-159,-157,-150,-141,-137,-135,-133,-125,-121,-119,-109,-111,-110,-110,-111,-112,-113,-117,-125,-133,-138,-143,-149,-151,-157,-165,-170,-171,-170,-169,-169,-169,-169,-166,-165,-163,-157,-154,-150,-148,-148,-147,-146,-147,-147,-147,-148,-147,-144,-139,-133,-127,-127,-127,-121,-119,-115,-114,-114,-113,-113,-112,-114,-113,-115,-115,-120,-120,-123,-124,-128,-127,-131,-135,-135,-132,-132,-130,-122,-117,-114,-110,-108,-107,-105,-105,-105,-104,-106,-100,-93,-88,-78,-71,-63,-55,-49,-42,-34,-31,-25,-22,-20,-16,-11,-1,6,15,21,29,37,47,53,65,71,75,80,87,98,106,116,121,130,135,145,152,161,165,166,170,171,174,179,185,186,191,191,198,200,202,203,196,193,190,190,187,188,187,188,190,192,196,203,207,210,215,211,210,206,203,194,191,186,180,175,175,176,175,176,176,174,172,169,167,162,152,143,134,126,119,114,110,109,108,115,120,125,129,134,138,136,137,138,134,135,136,134,132,135,135,139,144,145,148,148,146,142,135,132,133,130,133,132,137,142,150,154,157,159,159,158,157,160,159,160,157,158,161,164,164,169,170,171,171,166,166,165,162,155,150,147,137,134,126,116,109,98,88,77,64,51,37,19,4,-16,-28,-42,-60,-72,-90,-103,-116,-129,-143,-157,-171,-189,-205,-219,-232,-243,-262,-277,-293,-308,-320,-336,-348,-356,-369,-380,-387,-395,-403,-407,-408,-410,-410,-412,-414,-418,-419,-424,-431,-436,-446,-459,-460,-470,-472,-474,-474,-476,-475,-472,-465,-456,-452,-454,-451,-453,-455,-457,-455,-456,-457,-459,-456,-452,-445,-438,-432,-432,-431,-427,-423,-424,-422,-424,-428,-427,-427,-427,-427,-429,-432,-433,-438,-443,-449,-457,-460,-470,-476,-482,-486,-486,-492,-494,-500,-504,-510,-514,-519,-526,-530,-539,-544,-545,-553,-557,-559,-560,-567,-567,-573,-574,-579,-584,-594,-598,-605,-608,-612,-614,-615,-619,-613,-609,-604,-599,-591,-582,-581,-573,-570,-568,-567,-564,-568,-570,-566,-564,-558,-553,-547,-539,-530,-521,-509,-500,-487,-477,-460,-452,-443,-434,-425,-416,-409,-401,-393,-388,-383,-371,-364,-353,-342,-337,-328,-320,-305,-294,-278,-272,-259,-249,-242,-238,-230,-225,-225,-220,-216,-212,-204,-196,-186,-181,-176,-168,-165,-158,-155,-154,-152,-154,-154,-150,-149,-149,-147,-145,-143,-142,-135,-133,-131,-130,-133,-133,-129,-129,-122,-123,-117,-113,-107,-98,-86,-77,-71,-64,-57,-50,-45,-40,-29,-22,-14,-10,-1,11,17,25,33,40,47,56,62,73,79,89,92,103,114,122,132,143,152,160,164,170,178,183,191,200,207,214,225,231,243,257,273,289,303,321,334,351,372,384,398,411,421,430,442,451,460,468,473,477,486,495,504,515,517,524,528,536,541,545,547,549,550,550,551,551,550,549,545,539,540,544,547,554,557,556,565,565,569,572,571,568,559,553,549,543,539,535,531,527,529,533,537,539,544,542,543,541,535,533,526,522,516,520,521,527,535,541,549,557,563,568,573,574,572,569,565,560,561,558,559,566,576,585,593,602,611,624,635,649,659,665,672,672,678,678,681,679,682,681,688,695,707,713,727,735,742,750,761,771,774,771,766,759,752,746,738,726,720,709,700,697,695,694,688,680,676,667,657,647,631,614,594,577,557,540,525,509,492,480,466,455,449,437,425,411,394,377,363,346,324,307,286,273,262,256,251,248,244,245,243,243,239,233,228,218,206,202,198,193,190,195,193,202,205,212,218,221,228,232,228,232,233,234,241,249,259,270,277,288,296,304,310,317,319,324,325,332,335,345,352,361,366,376,386,399,411,415,419,421,420,422,421,421,424,419,423,428,433,443,454,460,471,478,487,493,500,502,500,495,491,490,488,488,488,490,494,496,505,514,521,531,536,541,543,543,543,542,535,527,521,516,515,517,517,519,521,526,534,544,550,559,561,560,562,558,555,547,544,540,541,541,547,551,562,569,578,587,592,599,602,602,599,596,588,583,576,569,574,578,585,594,609,618,633,638,645,647,645,639,633,624,616,613,606,601,602,602,603,610,613,619,619,621,615,614,612,607,599,594,586,574,573,570,568,562,562,561,560,560,561,559,552,548,546,541,533,530,525,516,514,507,507,505,505,502,499,498,502,502,509,514,498,493,494,489,495,493,493,494,494,500,503,508,502,507,515,517,531,534,529,533,533,536,546,545,554,569,580,594,602,609,614,625,627,630,631,627,627,621,617,617,618,622,624,633,641,650,659,666,668,667,666,664,663,662,653,654,657,661,668,675,685,698,705,712,716,712,710,701,695,687,677,665,661,657,655,658,662,666,669,674,679,677,679,678,669,662,655,649,646,643,637,634,631,628,632,631,633,631,626,623,617,615,608,601,593,584,576,574,572,569,570,569,565,568,572,572,571,570,565,557,555,552,545,539,537,528,523,525,526,534,534,537,541,542,543,543,541,537,533,528,519,517,512,507,509,510,513,518,520,529,531,534,534,529,527,519,506,498,487,480,475,472,469,466,469,474,474,474,466,458,447,431,417,399,385,368,355,344,339,335,332,325,319,314,305,299,289,275,255,240,223,207,197,185,174,168,157,154,151,142,137,123,115,104,95,90,77,72,65,64,58,65,66,72,78,77,84,90,97,103,109,113,115,125,131,139,154,164,173,185,197,208,222,233,245,257,260,265,274,281,291,299,311,319,332,345,356,367,376,387,391,402,403,407,408,406,406,405,403,399,396,396,395,391,391,387,383,380,379,373,368,361,349,337,325,313,297,283,263,248,236,225,221,213,206,198,190,178,167,153,137,124,102,86,71,56,48,43,40,41,42,44,50,57,61,58,53,46,38,38,37,34,28,28,32,38,50,57,67,75,84,90,100,104,110,114,116,123,130,143,154,164,174,181,191,206,215,227,240,247,254,262,270,279,284,290,299,305,313,324,329,336,343,346,345,345,340,337,333,330,323,316,313,307,303,303,299,298,294,288,280,275,270,262,254,244,231,226,210,207,200,192,187,183,173,172,172,170,161,156,150,148,142,135,134,132,127,128,127,128,134,142,146,155,164,176,184,196,203,206,212,213,220,224,230,241,249,260,274,288,304,319,330,344,350,361,366,371,374,375,379,385,390,402,416,428,442,451,463,474,480,487,488,491,490,488,487,484,487,488,489,492,493,503,501,508,511,512,513,510,506,501,497,489,486,477,470,464,461,458,456,459,456,451,448,446,440,440,432,423,418,407,404,399,394,392,390,385,387,388,393,393,397,393,392,390,390,389,385,382,377,377,375,377,378,381,385,387,395,402,410,417,422,426,424,422,423,421,419,418,419,421,429,434,441,453,461,472,481,487,493,494,498,500,498,499,502,508,513,522,531,539,553,558,555,560,560,563,560,561,556,554,554,552,557,559,556,558,555,554,551,549,542,533,523,519,514,508,508,502,496,495,493,490,486,480,473,464,454,444,436,426,418,413,402,394,389,388,380,377,371,364,355,348,344,339,331,323,316,309,301,293,289,286,280,271,267,263,260,256,254,250,242,238,231,228,220,220,214,209,204,202,198,195,198,198,201,196,200,200,199,196,196,195,188,178,175,172,168,163,160,156,155,156,159,161,161,158,149,147,140,133,125,120,110,107,100,101,99,101,100,96,95,94,88,81,69,57,44,34,24,16,11,8,4,1,-2,-5,-11,-17,-26,-36,-49,-60,-74,-87,-98,-110,-119,-126,-140,-148,-157,-164,-174,-181,-189,-199,-210,-217,-223,-228,-233,-235,-237,-244,-242,-240,-243,-244,-245,-242,-243,-238,-234,-230,-225,-221,-213,-206,-198,-191,-180,-173,-171,-163,-155,-146,-134,-118,-107,-93,-77,-64,-47,-31,-15,-1,13,26,43,55,70,86,98,114,130,145,165,183,200,216,232,244,255,266,274,282,288,289,297,301,304,311,316,325,326,332,331,330,326,322,317,310,307,299,294,289,291,286,282,279,274,267,261,252,238,233,223,214,207,204,205,203,209,212,214,212,215,217,217,212,210,208,209,210,214,216,222,228,238,247,262,273,280,287,295,305,315,324,330,337,343,353,361,372,386,397,407,416,423,435,446,457,467,473,483,491,498,504,508,517,515,519,528,529,533,537,539,537,541,542,540,536,537,534,531,529,521,515,509,504,500,494,495,488,485,487,488,486,484,482,478,472,464,456,449,444,438,432,431,435,438,444,444,449,448,452,453,456,455,453,449,449,451,454,461,465,470,480,490,500,513,519,526,529,532,538,547,556,565,576,586,599,611,627,637,646,655,664,667,675,684,689,699,702,712,723,737,748,758,768,770,776,781,784,785,788,789,789,792,802,805,812,819,823,826,829,831,830,828,824,823,819,815,811,808,811,812,818,815,820,823,818,817,813,812,803,789,777,765,755,748,738,731,721,714,708,704,699,692,681,669,657,650,637,626,611,592,575,564,548,534,520,508,493,482,473,461,452,444,434,424,416,406,400,390,377,364,348,331,314,296,279,265,255,245,236,233,229,226,221,216,215,215,211,206,204,193,185,178,184,180,178,184,184,189,199,202,198,197,197,198,194,190,190,193,192,199,204,209,216,214,220,219,223,221,219,213,206,200,193,192,191,186,177,173,168,167,162,164,154,155,150,144,142,138,133,125,115,109,102,97,94,84,74,64,54,46,36,24,17,8,-2,-15,-19,-30,-41,-51,-62,-74,-79,-91,-100,-106,-114,-127,-133,-137,-139,-141,-140,-139,-139,-136,-135,-128,-127,-122,-119,-109,-106,-98,-95,-88,-80,-74,-69,-62,-58,-53,-46,-41,-33,-25,-16,-10,3,14,30,41,56,67,69,72,77,81,90,98,98,102,111,117,127,139,145,152,155,159,161,161,160,155,142,139,134,136,139,138,136,131,133,130,124,119,109,96,85,69,58,48,37,31,22,19,13,13,13,10,6,-1,-8,-16,-24,-29,-37,-41,-43,-45,-41,-39,-33,-26,-21,-10,-5,-3,3,8,9,9,13,20,21,27,33,40,54,65,79,85,94,102,112,117,124,128,131,136,141,147,157,165,173,182,193,202,206,216,218,220,220,222,229,226,231,232,231,234,233,240,246,248,249,253,257,262,266,271,276,274,275,271,269,264,261,260,250,251,256,260,265,272,281,288,291,295,294,294,291,288,281,277,271,268,270,274,281,287,298,304,314,321,327,332,331,334,329,327,326,330,334,340,347,355,368,381,396,408,420,428,437,443,449,455,459,460,464,467,478,488,502,514,524,535,545,556,562,575,584,587,591,597,602,606,609,615,623,626,634,641,650,658,663,670,674,680,685,690,691,701,704,706,713,717,718,719,715,715,711,710,704,694,688,683,674,668,659,648,642,627,622,613,604,596,588,582,573,567,564,553,540,528,518,502,491,479,463,448,436,427,418,412,404,404,394,387,378,370,357,342,329,315,302,295,281,277,270,268,257,249,247,237,230,224,211,202,194,189,181,176,174,175,175,179,184,186,198,201,201,201,198,194,192,190,188,188,188,187,190,192,196,200,208,213,214,217,219,216,217,214,208,205,201,201,204,208,213,223,221,226,226,228,229,224,214,204,191,183,177,168,157,152,142,135,131,124,123,112,108,94,85,72,58,42,29,10,-7,-20,-32,-43,-49,-54,-57,-63,-69,-75,-84,-92,-98,-110,-120,-135,-147,-163,-177,-192,-198,-207,-215,-220,-219,-218,-220,-219,-220,-230,-234,-247,-247,-257,-264,-271,-279,-284,-285,-285,-278,-271,-265,-258,-252,-242,-235,-226,-222,-213,-203,-198,-188,-174,-161,-142,-129,-111,-95,-76,-57,-44,-34,-24,-16,-12,-9,-6,-8,-7,-9,-13,-11,-13,-12,-13,-17,-23,-30,-34,-35,-43,-51,-54,-62,-66,-68,-76,-77,-78,-81,-78,-82,-85,-88,-98,-100,-107,-114,-122,-133,-143,-149,-159,-165,-179,-187,-193,-201,-207,-213,-217,-225,-239,-250,-259,-267,-273,-279,-288,-294,-300,-302,-301,-298,-295,-292,-287,-280,-276,-266,-257,-255,-247,-243,-241,-238,-228,-222,-211,-201,-195,-184,-173,-158,-146,-130,-117,-109,-96,-93,-92,-91,-89,-86,-86,-79,-76,-68,-61,-46,-36,-26,-14,-8,-3,1,1,-2,-5,-12,-19,-24,-27,-23,-19,-16,-12,-8,-3,2,4,11,12,8,3,4,4,-3,-5,-1,-3,0,4,16,20,29,31,38,39,44,44,45,45,44,40,43,46,52,54,62,71,77,93,102,110,122,129,132,131,137,134,135,132,132,131,134,135,141,147,157,163,173,181,193,196,201,203,197,196,194,190,189,190,190,191,194,197,202,209,214,226,231,237,233,227,223,215,208,201,191,186,181,174,178,179,182,184,185,184,184,186,183,179,175,171,169,176,182,196,205,215,231,245,255,269,284,291,293,295,294,297,299,303,300,302,305,306,307,307,301,296,292,283,278,268,260,255,256,256,257,263,271,280,290,299,308,315,322,320,320,320,320,318,317,314,316,318,321,330,334,340,345,345,349,353,355,351,346,345,342,341,339,338,340,341,347,357,368,381,394,404,411,419,426,437,443,450,454,457,459,464,472,480,486,498,504,514,522,531,536,542,543,539,534,526,521,511,493,487,474,469,467,464,461,464,461,457,454,447,438,427,416,405,390,380,369,360,352,353,349,355,354,355,352,354,349,344,336,321,307,294,283,273,261,252,239,234,221,214,206,198,187,176,167,153,145,140,131,127,124,120,123,125,128,132,134,139,143,147,152,159,166,172,179,188,196,202,211,224,239,249,257,265,273,279,279,281,284,281,278,273,276,279,282,288,296,302,307,317,327,336,344,346,345,348,343,341,339,336,333,326,321,317,315,315,307,301,294,284,277,267,258,240,222,201,185,166,151,134,117,104,85,74,63,53,46,38,28,19,10,-1,-12,-24,-38,-52,-62,-74,-75,-81,-84,-90,-93,-97,-99,-106,-111,-115,-125,-133,-138,-146,-153,-159,-164,-165,-165,-165,-163,-157,-157,-151,-148,-143,-141,-144,-144,-145,-144,-143,-145,-149,-151,-151,-148,-146,-146,-143,-147,-147,-149,-154,-158,-164,-175,-184,-198,-209,-209,-206,-207,-212,-216,-222,-224,-225,-218,-230,-238,-248,-257,-262,-263,-265,-268,-266,-267,-272,-269,-272,-271,-274,-276,-278,-285,-290,-300,-308,-314,-322,-331,-341,-349,-357,-363,-367,-365,-366,-362,-360,-360,-354,-347,-338,-332,-331,-329,-327,-324,-319,-311,-310,-299,-290,-274,-255,-234,-209,-187,-167,-148,-130,-112,-99,-91,-81,-74,-75,-69,-63,-54,-44,-31,-23,-13,0,11,23,34,40,50,54,61,69,73,80,87,90,100,108,118,123,131,137,138,140,138,136,132,130,126,125,119,118,111,106,102,100,96,97,93,84,83,75,69,66,59,52,48,47,45,47,45,45,47,50,52,55,59,61,61,68,72,82,92,99,111,118,128,144,153,166,174,179,188,195,205,211,218,225,229,233,239,248,255,263,271,280,287,297,310,316,324,336,347,354,366,377,387,397,410,427,439,453,461,477,491,506,518,531,536,539,538,542,543,550,551,552,557,563,571,579,586,587,587,583,581,580,579,577,571,566,564,564,570,572,577,579,580,582,581,579,576,572,564,556,553,547,542,544,539,540,537,545,552,552,551,554,546,543,542,536,528,521,515,509,508,501,497,496,498,501,502,500,499,496,495,494,495,486,476,465,465,461,470,477,480,472,477,481,489,499,501,500,494,492,487,485,480,483,481,481,482,492,499,506,515,522,528,534,541,548,555,561,561,563,560,560,557,555,552,548,545,542,542,540,535,534,531,524,519,514,503,493,482,471,466,452,441,432,428,422,415,406,401,391,381,371,369,359,348,342,329,320,309,303,294,283,269,256,243,230,218,204,185,168,152,138,126,117,102,93,82,72,66,60,54,50,46,39,37,36,37,37,37,42,46,53,63,70,80,91,101,107,114,121,123,131,134,135,142,141,145,148,148,148,153,154,157,157,154,152,153,153,152,148,143,144,147,152,155,156,161,157,157,157,156,153,150,144,141,132,130,128,119,115,105,97,83,72,58,44,31,14,-2,-20,-38,-55,-75,-98,-121,-143,-162,-180,-202,-219,-235,-250,-264,-275,-285,-296,-297,-306,-314,-320,-321,-327,-334,-338,-344,-346,-345,-348,-348,-346,-342,-338,-339,-335,-336,-334,-335,-340,-342,-345,-351,-357,-355,-351,-348,-341,-335,-325,-314,-304,-292,-279,-266,-258,-252,-243,-235,-225,-212,-199,-186,-177,-161,-141,-121,-101,-82,-68,-59,-45,-36,-32,-30,-31,-33,-36,-39,-37,-35,-33,-29,-27,-22,-16,-11,-5,-2,0,0,2,5,10,13,21,28,33,43,51,61,70,81,91,95,104,114,118,124,130,133,135,134,134,129,127,127,125,128,129,126,127,128,130,135,138,138,134,137,139,145,148,151,159,165,175,187,200,204,213,219,221,228,229,235,243,247,250,256,267,278,284,299,303,309,316,312,320,315,316,314,314,313,320,326,332,333,344,350,356,365,375,384,389,399,408,417,424,428,437,443,450,457,461,467,469,471,472,471,469,465,454,444,436,428,416,409,401,395,391,387,384,385,382,377,374,371,372,371,374,373,371,371,375,381,391,397,405,406,413,420,421,425,422,420,412,405,401,394,393,385,378,373,369,371,365,368,367,368,367,371,372,375,373,373,373,371,372,373,375,380,387,394,405,414,427,433,446,455,458,463,466,466,467,468,470,476,478,487,490,499,507,517,527,532,536,535,531,534,541,543,541,541,545,551,558,568,580,587,599,605,610,618,621,621,617,614,606,603,602,602,600,598,600,596,602,600,602,602,594,587,581,573,563,553,542,528,516,504,494,484,473,463,453,443,434,429,418,414,404,399,393,393,387,383,380,379,371,368,365,358,355,351,349,346,346,344,342,340,338,337,331,324,317,308,305,300,298,294,289,285,283,286,289,292,295,296,299,298,299,305,312,317,323,328,334,345,352,359,360,359,354,348,340,341,327,319,306,296,286,281,278,269,262,251,241,227,220,209,198,183,171,158,149,137,129,127,124,120,117,112,111,104,95,85,75,64,50,40,30,20,15,9,3,0,-8,-14,-18,-24,-30,-40,-49,-59,-68,-80,-84,-87,-92,-95,-93,-83,-79,-65,-61,-58,-50,-44,-33,-28,-22,-19,-15,-9,-3,1,7,22,31,40,50,66,81,88,100,110,118,124,129,132,136,140,140,139,141,147,152,154,156,165,167,171,176,183,184,185,182,180,173,171,164,159,154,156,160,164,171,177,182,185,188,187,183,176,167,160,151,146,136,131,130,126,131,130,143,139,139,136,131,126,121,110,99,88,85,85,84,93,103,109,121,135,145,157,167,177,180,181,183,187,185,188,194,193,195,201,206,209,211,215,216,217,216,217,216,211,216,216,219,222,228,232,238,249,258,265,274,283,281,287,293,295,296,299,300,304,312,319,326,331,336,338,342,344,344,347,346,341,336,335,329,328,325,317,316,309,304,298,298,294,295,284,281,282,283,276,278,281,280,282,280,282,291,293,302,309,310,310,310,314,317,315,309,305,300,296,289,281,276,270,269,268,268,266,266,265,262,260,265,259,258,260,261,261,268,271,274,284,292,303,314,325,335,345,356,364,372,379,386,390,397,402,409,415,424,427,433,436,446,452,461,463,465,463,463,460,460,461,463,459,462,465,469,474,479,485,484,489,491,496,502,503,504,504,505,510,516,521,523,522,518,519,517,517,512,508,497,490,483,478,472,462,454,441,431,425,416,405,396,390,383,375,371,367,361,360,355,349,343,340,332,328,321,320,317,317,314,314,314,314,316,316,313,310,305,304,299,297,291,288,287,283,284,286,290,288,289,288,287,282,280,281,280,277,284,285,294,303,312,319,326,333,341,349,359,366,364,365,367,368,372,374,380,379,383,387,396,403,409,411,409,405,399,394,388,380,367,355,346,342,338,340,341,339,340,338,339,341,337,335,330,325,317,314,310,307,308,306,306,307,312,313,313,314,312,311,307,301,293,292,289,287,284,281,277,276,277,281,288,291,297,304,311,314,316,322,319,317,316,320,323,328,334,347,355,373,387,404,422,436,446,455,462,463,467,468,470,467,469,474,475,483,488,496,496,495,494,493,491,484,478,465,453,446,440,435,431,426,424,422,419,416,409,403,392,381,369,356,342,334,322,308,296,285,279,268,258,251,239,219,204,189,170,150,134,116,99,89,83,70,63,57,53,48,43,35,28,20,14,3,-9,-17,-28,-34,-41,-43,-45,-46,-48,-44,-46,-49,-46,-49,-54,-62,-66,-72,-76,-78,-81,-87,-86,-82,-77,-70,-57,-47,-41,-30,-24,-15,-2,5,12,17,18,18,20,24,24,27,30,33,37,43,52,60,66,68,72,70,73,72,68,68,67,63,59,64,71,84,91,87,85,89,89,97,92,90,82,78,72,72,73,74,77,79,84,90,88,92,94,95,94,91,82,74,72,70,67,66,66,61,57,59,60,60,63,66,66,65,69,72,74,78,79,80,78,83,86,91,93,90,93,92,94,99,104,108,109,112,119,125,130,137,144,148,148,154,159,160,158,162,158,154,156,159,156,158,164,165,163,167,169,169,171,174,176,178,178,179,178,176,178,178,175,171,171,169,168,163,165,163,160,159,160,160,159,161,154,150,142,135,132,127,119,112,107,103,101,103,103,107,102,97,92,88,83,77,66,59,49,43,43,39,43,46,44,48,48,51,49,49,50,46,39,35,33,30,30,33,36,38,51,60,67,76,88,97,101,108,112,116,123,128,131,140,144,156,160,169,180,193,203,217,223,233,241,245,253,261,265,269,276,287,293,299,308,311,318,321,327,329,331,333,334,335,336,339,341,345,345,342,343,341,341,336,337,338,335,334,335,340,344,344,348,346,350,353,357,360,364,365,365,366,372,377,380,383,384,383,383,382,380,380,377,375,375,377,380,384,386,387,390,388,395,398,401,403,410,413,419,429,434,436,443,448,456,463,467,472,476,479,482,487,494,500,501,510,521,532,535,547,546,550,550,552,554,555,554,551,545,544,545,547,551,553,552,555,558,564,569,571,571,569,571,566,569,570,566,567,564,562,564,565,565,562,562,555,545,538,531,525,517,514,507,502,497,494,484,480,472,461,454,441,429,416,409,398,392,384,374,369,365,362,363,364,361,358,351,350,347,345,346,346,339,335,334,334,331,325,319,311,304,296,293,290,285,278,272,266,263,261,260,253,249,243,234,231,223,219,213,206,203,203,201,203,204,201,199,200,202,204,205,208,207,214,216,222,225,229,238,240,244,243,245,245,245,241,239,235,230,225,225,218,219,221,222,226,231,233,235,238,243,245,245,243,242,241,244,243,248,247,248,249,248,249,249,248,240,233,222,213,206,197,185,171,158,148,139,130,123,111,98,82,68,54,45,37,24,16,4,-3,-10,-12,-22,-24,-31,-34,-36,-38,-37,-37,-35,-33,-33,-31,-29,-24,-23,-19,-22,-24,-26,-25,-27,-28,-26,-27,-27,-23,-24,-22,-20,-21,-20,-20,-23,-23,-28,-23,-20,-17,-11,-2,2,10,18,26,37,42,46,46,48,52,57,63,63,68,73,75,82,88,90,89,90,87,85,78,78,75,68,65,58,57,61,65,60,62,65,61,59,58,56,53,48,46,44,45,45,47,54,52,59,64,72,76,84,86,89,90,93,94,100,100,106,108,113,119,126,132,139,150,158,168,177,184,194,205,214,223,237,247,260,274,288,303,314,325,336,345,355,360,373,383,389,395,398,404,408,413,413,414,415,413,413,417,419,419,419,415,413,413,410,408,400,389,381,371,364,359,354,348,343,336,330,326,317,310,299,286,272,256,240,224,208,195,179,169,163,155,147,142,139,131,122,103,96,90,84,82,68,57,48,46,43,51,44,48,47,51,54,59,66,70,78,79,82,85,93,98,104,111,119,121,123,131,138,143,148,150,151,153,157,159,166,170,173,179,185,194,203,215,221,224,224,229,233,237,239,234,231,232,227,225,224,222,215,210,205,204,202,197,196,191,187,182,178,170,165,155,148,142,131,129,125,120,120,121,118,119,119,116,114,114,108,101,92,84,79,68,67,67,64,70,69,76,78,81,83,84,84,81,81,84,83,85,91,93,98,106,115,121,130,135,137,140,139,140,141,141,141,139,142,148,156,168,175,183,187,191,193,196,203,202,200,195,188,188,185,185,185,188,188,186,191,193,192,188,183,174,165,159,148,138,132,125,118,109,107,102,98,91,85,71,60,48,36,21,8,3,-13,-18,-26,-37,-38,-42,-40,-42,-46,-48,-53,-63,-69,-77,-87,-96,-110,-113,-124,-130,-132,-133,-129,-134,-130,-129,-122,-117,-107,-93,-83,-64,-36,-3,37,82,135,192,245,302,358,404,442,469,482,490,484,471,452,426,398,369,336,309,286,266,252,241,234,229,225,218,208,203,198,189,184,178,170,169,174,179,193,206,219,231,248,262,271,280,278,276,267,256,241,227,212,195,183,166,157,153,146,146,142,142,134,134,127,120,109,95,84,74,68,69,72,79,103,127,154,190,228,268,308,344,374,404,426,441,455,461,470,479,486,501,519,539,561,591,625,658,688,717,744,768,788,803,818,822,827,836,841,849,861,870,875,881,886,884,886,888,881,881,871,872,872,870,873,878,886,894,903,915,919,924,926,925,923,921,924,925,931,938,949,959,976,993,1005,1019,1032,1044,1050,1055,1056,1054,1054,1051,1052,1059,1063,1070,1080,1095,1108,1120,1133,1140,1140,1139,1142,1137,1128,1121,1108,1099,1084,1077,1072,1063,1055,1049,1038,1034,1023,1017,1007,992,977,962,947,934,922,914,905,895,890,890,895,896,901,907,908,909,913,911,911,906,903,901,901,898,896,895,896,902,905,914,926,932,945,953,962,971,975,974,972,975,977,980,984,988,1001,1014,1036,1065,1096,1127,1156,1184,1209,1237,1257,1275,1291,1302,1312,1319,1329,1343,1356,1368,1382,1392,1395,1401,1409,1409,1407,1400,1390,1380,1372,1360,1358,1350,1348,1340,1338,1338,1337,1332,1326,1320,1309,1297,1285,1268,1250,1236,1221,1214,1204,1188,1181,1177,1175,1172,1165,1154,1147,1129,1119,1109,1097,1089,1070,1052,1029,1018,1001,998,987,982,974,973,968,959,951,937,931,919,912,908,897,885,869,854,840,835,823,809,795,787,772,757,745,735,724,708,700,688,683,677,667,658,647,641,635,632,627,628,628,625,621,611,599,585,569,548,530,513,491,477,464,448,436,426,414,399,389,370,351,331,304,280,261,239,219,199,176,170,162,153,137,123,103,85,63,38,12,-17,-48,-71,-91,-113,-123,-139,-150,-162,-171,-179,-192,-205,-225,-250,-278,-299,-320,-334,-352,-364,-372,-381,-381,-380,-375,-375,-373,-370,-369,-372,-378,-387,-395,-406,-413,-422,-424,-424,-426,-425,-424,-420,-418,-416,-418,-415,-410,-408,-406,-406,-404,-403,-402,-399,-389,-384,-380,-377,-376,-370,-368,-368,-366,-368,-371,-381,-383,-390,-393,-397,-408,-418,-427,-438,-449,-456,-466,-478,-486,-497,-508,-514,-520,-527,-536,-544,-553,-562,-570,-578,-586,-591,-603,-617,-630,-641,-654,-667,-679,-690,-699,-705,-709,-713,-716,-715,-719,-722,-724,-730,-735,-737,-744,-743,-749,-751,-755,-754,-753,-747,-740,-738,-732,-726,-725,-717,-715,-717,-722,-731,-737,-749,-758,-766,-771,-779,-777,-778,-779,-773,-770,-762,-764,-764,-765,-771,-777,-782,-786,-795,-799,-799,-799,-792,-788,-777,-771,-763,-754,-749,-738,-734,-732,-729,-726,-725,-719,-715,-709,-704,-698,-688,-681,-666,-656,-648,-640,-632,-626,-616,-613,-606,-598,-589,-578,-568,-550,-533,-515,-495,-478,-461,-446,-431,-420,-409,-402,-392,-383,-376,-369,-365,-354,-344,-333,-321,-310,-304,-292,-288,-279,-270,-262,-259,-251,-245,-235,-226,-211,-198,-193,-183,-177,-173,-163,-156,-150,-146,-137,-129,-119,-104,-89,-75,-55,-46,-34,-27,-24,-22,-27,-34,-44,-52,-57,-57,-54,-48,-37,-23,-5,14,33,51,63,74,74,78,79,76,73,77,80,81,91,102,121,132,148,157,168,171,174,170,167,159,152,142,139,134,133,140,150,165,185,193,208,212,216,218,214,210,198,187,184,183,182,188,196,206,220,236,253,270,278,288,290,294,290,290,296,295,300,301,307,314,325,338,348,362,373,380,391,392,397,395,397,392,390,391,394,397,403,409,421,428,436,445,451,454,460,460,458,455,459,453,453,456,461,470,477,486,492,500,505,509,506,496,490,484,473,466,460,453,453,450,448,453,460,456,453,443,431,418,399,384,365,341,320,309,296,290,282,276,269,264,257,245,228,208,186,154,125,93,64,37,17,2,-19,-34,-45,-56,-71,-84,-103,-122,-147,-170,-197,-226,-253,-278,-301,-322,-336,-349,-356,-358,-363,-368,-376,-383,-389,-403,-415,-430,-444,-457,-470,-483,-494,-500,-508,-511,-517,-527,-530,-531,-531,-535,-541,-547,-552,-561,-568,-565,-563,-569,-573,-579,-584,-587,-593,-596,-604,-613,-624,-632,-642,-650,-660,-672,-687,-697,-708,-719,-733,-747,-761,-782,-802,-824,-844,-868,-890,-913,-934,-961,-980,-1001,-1019,-1036,-1048,-1064,-1080,-1092,-1108,-1127,-1143,-1155,-1172,-1189,-1202,-1212,-1224,-1228,-1233,-1237,-1236,-1239,-1244,-1240,-1243,-1245,-1247,-1255,-1264,-1272,-1274,-1277,-1278,-1276,-1274,-1266,-1261,-1255,-1246,-1240,-1229,-1228,-1224,-1223,-1218,-1220,-1216,-1215,-1219,-1220,-1215,-1213,-1205,-1195,-1188,-1176,-1170,-1157,-1153,-1147,-1143,-1140,-1140,-1138,-1140,-1139,-1135,-1131,-1130,-1130,-1126,-1120,-1114,-1105,-1101,-1095,-1090,-1085,-1083,-1080,-1073,-1070,-1064,-1059,-1052,-1048,-1038,-1032,-1025,-1016,-1010,-1002,-993,-982,-974,-962,-949,-938,-926,-917,-906,-899,-885,-878,-872,-868,-864,-858,-853,-846,-844,-838,-838,-837,-832,-833,-829,-822,-811,-806,-799,-791,-780,-770,-756,-745,-731,-722,-711,-704,-691,-678,-668,-656,-650,-640,-628,-617,-599,-582,-567,-552,-533,-518,-499,-485,-467,-454,-440,-426,-410,-392,-378,-362,-349,-330,-317,-300,-285,-271,-253,-238,-231,-221,-208,-198,-186,-164,-152,-132,-108,-88,-66,-40,-14,4,29,48,63,79,93,107,117,129,140,146,162,172,189,204,220,235,250,263,275,289,296,302,309,314,319,321,326,337,341,349,357,362,370,380,382,386,383,387,388,388,388,390,389,388,390,393,399,409,414,426,432,440,449,456,463,468,469,470,471,475,480,480,484,491,500,509,524,541,554,569,585,591,604,610,614,621,622,627,634,643,652,668,683,705,722,741,758,772,783,793,800,804,806,811,811,813,821,830,845,855,867,879,892,899,904,911,914,913,907,905,898,891,892,887,890,889,889,894,902,903,904,905,896,890,880,867,854,837,819,798,783,773,762,756,748,740,733,728,720,713,699,688,676,660,646,632,614,598,584,577,562,555,551,537,529,521,519,514,504,497,494,483,481,477,473,470,463,457,458,463,469,470,477,483,489,495,501,503,509,508,506,505,506,510,514,521,529,537,547,563,576,591,600,604,608,608,604,605,603,596,593,589,592,594,596,602,602,600,596,590,580,574,560,549,538,524,513,508,502,497,492,485,478,475,468,458,447,434,418,404,389,375,358,351,341,331,330,325,318,312,308,300,290,279,268,252,242,231,222,215,211,213,215,222,230,242,246,255,262,266,268,267,265,264,261,256,254,256,259,268,275,283,291,298,310,319,326,332,337,339,339,340,340,340,340,337,343,341,345,357,367,372,382,387,395,402,412,415,417,414,410,412,412,416,415,419,425,432,447,456,466,476,480,483,483,480,481,475,475,471,468,468,472,477,485,493,495,497,500,500,496,492,488,478,469,460,457,449,452,453,456,463,464,470,469,469,469,465,458,451,440,432,422,417,408,403,398,387,384,377,372,364,355,343,329,311,304,291,279,267,260,251,249,250,249,248,249,247,243,241,243,241,241,237,239,238,238,245,249,250,257,265,269,272,282,288,296,297,302,312,328,333,338,345,354,367,376,384,390,397,414,428,441,453,466,483,500,511,529,540,554,560,568,574,584,592,605,614,623,633,644,656,665,672,675,682,687,692,697,700,711,711,719,727,735,751,759,770,776,782,783,782,793,793,790,790,795,800,808,817,827,844,857,868,879,891,897,900,903,907,908,906,906,908,908,919,928,937,951,962,971,982,990,999,1006,1008,1010,1014,1019,1029,1037,1048,1063,1072,1084,1098,1118,1132,1145,1156,1163,1165,1174,1178,1183,1185,1190,1195,1200,1214,1222,1231,1238,1247,1250,1254,1257,1260,1260,1258,1256,1254,1248,1240,1237,1231,1227,1218,1213,1204,1199,1187,1181,1177,1172,1168,1160,1146,1143,1130,1122,1114,1103,1091,1077,1063,1054,1044,1037,1026,1014,1003,993,982,974,966,959,946,932,924,913,905,897,893,888,878,874,868,865,858,852,847,844,837,833,832,827,823,822,825,828,827,829,830,829,831,834,826,823,819,816,811,810,811,811,803,804,803,807,807,812,806,802,798,796,791,786,781,775,765,759,754,751,747,740,732,723,709,699,687,670,653,633,613,593,574,558,540,530,519,508,499,489,479,469,459,449,438,424,413,401,392,382,373,367,361,351,345,337,333,329,323,317,310,304,296,292,289,285,274,268,260,251,250,246,247,243,240,240,242,242,245,246,243,244,240,239,236,236,234,230,229,229,231,230,235,234,236,234,238,236,232,227,222,219,213,210,204,201,194,190,183,177,168,161,153,145,138,130,125,116,104,95,87,79,74,69,66,58,57,57,56,52,46,42,36,25,20,12,7,-2,-11,-14,-17,-24,-23,-27,-27,-35,-39,-42,-46,-49,-51,-53,-57,-56,-55,-53,-46,-42,-36,-34,-30,-26,-24,-26,-25,-27,-28,-30,-31,-28,-21,-15,-11,-7,1,7,13,18,23,27,30,32,35,30,34,37,35,44,45,54,67,75,83,96,107,119,127,136,142,154,164,172,177,181,192,199,208,223,239,255,265,281,298,315,330,339,345,350,352,352,365,369,370,369,371,377,386,392,399,404,401,400,395,394,391,386,384,376,370,369,372,372,377,382,386,389,390,395,390,388,378,369,354,343,334,323,311,306,297,294,288,283,280,275,271,259,254,245,240,223,213,204,198,194,190,192,192,198,202,203,203,204,198,199,193,193,190,189,190,192,194,202,209,218,226,236,242,250,255,259,258,260,260,257,264,262,265,270,276,282,291,299,311,321,328,332,338,344,345,352,350,345,343,342,336,336,340,339,342,346,349,347,347,350,347,341,330,319,306,298,287,276,271,262,257,248,242,240,231,225,214,206,192,176,163,147,130,120,107,97,89,85,82,83,77,77,71,63,60,52,42,32,25,10,4,-2,-2,1,6,15,22,34,45,53,61,65,62,60,58,53,51,52,51,54,58,65,75,90,105,117,124,135,136,143,142,141,141,140,141,145,146,155,158,170,171,182,186,193,193,195,198,191,189,181,175,169,161,158,148,141,134,128,120,117,111,104,97,88,76,65,53,37,23,9,-8,-19,-28,-36,-41,-44,-47,-55,-59,-64,-73,-76,-90,-105,-115,-129,-139,-152,-160,-167,-178,-181,-186,-185,-185,-188,-191,-200,-205,-210,-213,-221,-223,-232,-238,-245,-251,-250,-251,-259,-260,-265,-264,-270,-269,-272,-273,-272,-280,-284,-282,-279,-281,-276,-272,-272,-267,-262,-258,-253,-254,-252,-255,-249,-254,-257,-252,-251,-245,-242,-235,-225,-219,-215,-207,-197,-196,-196,-197,-196,-197,-199,-194,-193,-194,-190,-187,-181,-172,-162,-154,-148,-140,-140,-136,-132,-128,-126,-130,-129,-127,-126,-119,-112,-108,-103,-95,-89,-79,-70,-67,-64,-57,-57,-57,-57,-60,-60,-59,-63,-62,-61,-59,-56,-48,-43,-34,-30,-22,-17,-17,-18,-19,-21,-28,-31,-33,-33,-30,-24,-15,-4,3,13,27,42,49,51,53,49,48,44,42,41,45,46,50,60,71,85,99,113,127,141,150,165,173,181,184,187,190,197,202,211,220,230,242,251,261,270,277,282,284,281,280,276,272,274,268,267,268,266,269,270,271,272,268,265,260,258,254,249,246,235,229,224,220,212,208,199,191,185,178,166,156,147,140,131,124,119,111,108,103,102,99,91,84,72,64,58,50,48,40,34,29,28,28,30,32,30,32,35,38,43,49,56,58,60,65,72,78,90,96,103,112,123,134,148,164,178,198,214,228,243,254,268,277,289,292,300,306,316,329,341,351,366,382,397,411,424,437,447,459,467,471,470,470,470,472,472,475,471,472,476,481,489,496,498,506,502,498,496,490,479,472,459,450,446,443,447,449,451,455,456,460,467,462,461,457,445,437,426,418,412,403,397,398,399,402,406,408,412,414,415,414,414,411,404,400,392,378,373,365,358,357,352,352,359,360,364,371,375,374,376,377,379,374,370,369,362,360,356,353,351,353,356,360,365,369,364,365,357,351,347,337,325,309,295,286,276,268,264,255,245,235,227,217,206,187,171,150,131,113,94,77,64,51,39,30,22,13,8,-3,-11,-27,-42,-55,-69,-85,-96,-113,-122,-133,-141,-148,-153,-157,-164,-172,-180,-190,-199,-207,-217,-229,-236,-247,-254,-260,-267,-271,-271,-274,-282,-289,-292,-299,-305,-312,-315,-323,-330,-334,-331,-323,-319,-316,-312,-312,-309,-308,-308,-309,-314,-323,-331,-341,-344,-347,-347,-348,-347,-347,-340,-335,-324,-318,-313,-308,-304,-301,-295,-293,-292,-291,-290,-290,-285,-279,-269,-258,-247,-235,-222,-208,-194,-180,-169,-149,-143,-132,-127,-124,-124,-118,-114,-107,-100,-96,-85,-81,-68,-53,-41,-34,-29,-25,-19,-17,-22,-22,-18,-16,-9,-10,-6,2,6,12,20,27,27,35,37,39,42,39,38,32,22,33,37,41,47,50,64,72,76,79,80,81,73,68,65,56,59,47,43,42,50,57,64,70,75,83,87,97,102,99,101,99,98,103,112,121,129,138,161,168,179,187,193,205,212,218,222,226,233,234,241,246,256,264,267,275,281,289,291,295,294,296,296,294,293,295,296,298,299,302,305,311,317,327,325,332,330,332,329,330,326,319,314,307,301,297,291,287,284,281,278,281,280,284,279,281,275,266,260,253,249,243,240,234,232,235,237,243,249,257,265,272,281,284,292,296,298,302,308,314,321,332,347,368,386,403,422,437,455,467,484,493,502,503,509,515,527,536,550,566,586,603,630,652,675,694,701,712,718,721,728,730,733,736,737,747,759,772,786,801,813,826,828,831,832,828,818,804,791,779,764,753,747,740,733,728,725,725,718,715,712,703,696,688,672,659,645,631,614,601,587,575,563,556,550,546,540,537,529,525,517,508,498,490,474,466,460,451,450,449,447,445,445,444,446,449,452,446,441,435,432,424,420,416,406,404,402,406,413,415,413,411,408,410,406,405,403,400,392,389,387,388,390,392,396,400,402,404,406,406,404,396,389,384,376,368,363,359,355,351,352,354,356,360,361,353,347,340,334,315,305,305,299,292,287,286,282,280,283,284,276,266,254,243,231,220,207,199,183,173,168,168,169,172,174,181,179,187,187,193,191,192,186,186,184,187,182,182,183,185,186,193,199,208,215,220,227,229,233,235,239,239,237,233,228,230,227,227,225,227,231,232,237,241,245,244,242,237,231,226,216,206,199,186,175,170,166,161,157,156,153,153,147,141,135,125,114,98,86,74,62,52,42,35,32,29,28,27,29,24,23,22,12,1,-14,-22,-33,-44,-55,-66,-74,-72,-72,-72,-65,-69,-68,-73,-76,-81,-90,-95,-108,-116,-125,-133,-135,-136,-138,-141,-139,-142,-146,-144,-146,-148,-149,-150,-153,-149,-151,-149,-148,-151,-152,-153,-150,-157,-160,-163,-167,-179,-181,-185,-187,-189,-184,-185,-180,-178,-176,-177,-175,-170,-168,-165,-165,-164,-168,-165,-163,-159,-156,-152,-145,-137,-124,-110,-97,-84,-72,-64,-54,-45,-35,-30,-25,-26,-26,-24,-22,-15,-8,1,13,21,31,42,53,64,73,72,75,74,74,70,72,70,70,77,80,94,100,117,126,137,147,152,155,154,152,154,147,152,151,152,155,167,182,194,208,227,239,253,266,274,282,280,278,274,272,273,282,286,294,304,322,339,364,379,400,415,424,435,442,449,455,457,464,470,483,505,528,546,565,580,598,615,632,652,659,670,675,679,688,697,703,711,718,725,733,744,754,763,769,776,777,781,792,790,794,794,797,797,799,805,810,812,823,828,836,840,839,839,838,835,829,821,815,804,794,784,780,773,768,767,765,764,763,763,761,764,757,749,742,737,729,723,719,711,711,709,716,720,728,733,740,747,753,757,766,768,769,766,770,771,778,784,794,803,812,822,834,845,851,857,863,861,859,862,861,861,865,870,879,889,905,917,932,943,952,954,958,955,952,942,941,935,930,928,932,935,938,943,953,954,958,952,950,946,939,933,925,913,900,892,882,876,869,864,861,853,849,845,843,839,829,820,807,802,794,782,776,766,757,751,745,740,734,734,728,722,721,718,713,707,701,693,686,679,675,669,670,671,671,674,675,676,676,678,677,677,670,665,653,644,633,626,616,605,598,591,583,584,582,587,581,575,570,564,558,547,534,519,501,489,479,469,462,458,451,440,436,429,425,414,403,386,367,352,334,318,304,289,276,262,251,242,228,214,205,187,166,147,128,106,90,75,59,50,39,31,20,16,8,2,-7,-20,-29,-44,-54,-69,-79,-88,-98,-108,-112,-117,-118,-122,-125,-132,-142,-148,-152,-158,-168,-174,-182,-186,-190,-194,-194,-195,-193,-191,-193,-191,-191,-188,-186,-190,-195,-197,-198,-202,-207,-207,-210,-216,-218,-215,-213,-210,-206,-206,-203,-200,-199,-201,-202,-207,-212,-215,-214,-220,-219,-221,-215,-211,-203,-198,-193,-187,-181,-174,-168,-166,-162,-166,-169,-167,-168,-171,-173,-175,-177,-171,-167,-163,-156,-152,-148,-142,-136,-134,-131,-137,-141,-146,-150,-150,-153,-148,-144,-142,-139,-131,-123,-114,-108,-106,-105,-100,-100,-97,-94,-91,-87,-86,-77,-68,-55,-43,-37,-29,-27,-19,-13,-11,-9,-6,-6,-3,0,3,6,12,15,19,22,28,31,38,38,42,45,48,49,49,54,61,61,66,69,70,75,79,89,98,106,114,127,135,147,161,173,181,189,199,210,222,231,243,250,263,268,277,289,299,307,313,319,325,335,341,347,358,363,375,384,393,407,415,424,430,443,458,469,473,480,486,490,495,498,505,508,514,520,524,530,533,540,543,546,547,544,542,539,539,534,533,538,537,540,543,548,558,564,572,576,577,577,574,577,578,578,583,584,595,600,610,625,633,638,645,647,648,649,651,650,648,644,644,653,662,674,687,697,708,721,731,742,749,754,756,758,765,772,779,784,787,795,798,810,821,830,842,848,850,859,864,868,865,863,862,861,855,852,851,846,844,837,830,827,823,813,808,799,792,778,771,760,746,734,724,713,702,691,679,671,663,653,644,636,628,617,610,601,597,587,580,569,558,551,546,539,531,527,518,517,516,515,514,510,503,498,490,489,485,483,479,481,481,481,491,497,495,499,499,498,495,491,486,485,477,469,464,462,459,461,464,465,458,455,453,446,438,426,415,401,391,379,367,359,354,345,333,327,320,304,292,279,262,246,225,203,185,169,154,141,128,114,100,85,75,62,52,37,23,11,-4,-17,-27,-39,-49,-63,-73,-82,-89,-93,-97,-104,-109,-112,-120,-127,-128,-134,-135,-141,-146,-151,-154,-154,-157,-157,-157,-160,-163,-161,-157,-159,-156,-155,-154,-150,-149,-146,-149,-148,-149,-153,-157,-155,-153,-151,-148,-149,-146,-140,-141,-140,-142,-141,-146,-150,-157,-165,-173,-176,-181,-185,-184,-190,-183,-181,-176,-171,-171,-168,-173,-177,-178,-183,-189,-189,-194,-198,-195,-196,-192,-186,-181,-183,-182,-186,-187,-196,-200,-203,-214,-220,-225,-228,-228,-226,-229,-231,-228,-230,-227,-230,-233,-235,-247,-254,-261,-268,-277,-276,-284,-288,-288,-287,-284,-285,-281,-283,-282,-285,-291,-289,-287,-286,-287,-292,-295,-298,-295,-289,-284,-280,-278,-271,-263,-259,-256,-248,-245,-245,-244,-242,-243,-245,-242,-237,-233,-227,-224,-214,-208,-196,-186,-178,-171,-165,-162,-161,-157,-149,-145,-142,-139,-136,-128,-115,-103,-93,-85,-74,-66,-53,-43,-31,-24,-23,-20,-20,-16,-9,-1,4,13,24,32,45,59,71,79,83,88,87,86,82,80,83,84,85,94,103,116,127,138,143,146,158,157,157,157,150,145,143,141,139,137,143,150,154,159,162,165,162,158,154,145,139,131,127,121,120,123,123,126,129,132,143,150,158,166,169,172,169,174,176,180,183,182,188,191,203,212,227,235,250,262,272,286,300,309,318,325,332,342,354,370,379,396,406,421,434,452,469,483,497,510,523,535,546,553,559,566,567,574,580,587,595,605,616,624,634,646,652,662,666,670,663,664,659,655,654,652,652,658,658,660,662,666,670,667,662,655,644,630,620,609,601,590,584,576,575,578,580,582,584,584,573,570,562,556,552,536,532,525,522,523,524,527,526,526,532,531,531,528,531,529,525,525,523,525,531,535,543,548,552,559,558,557,558,559,556,561,558,559,561,563,568,571,575,581,586,591,596,599,601,602,598,593,591,585,580,582,573,566,564,561,562,562,557,553,546,540,530,520,507,491,476,458,446,432,416,405,391,378,372,361,354,347,339,324,314,301,286,272,256,238,218,203,184,177,165,153,146,135,130,127,123,120,116,111,102,88,80,70,59,52,43,37,35,39,39,42,46,49,53,55,56,55,49,47,45,39,40,36,34,38,40,44,47,48,49,45,42,37,34,29,26,19,18,16,16,16,15,13,11,10,7,9,8,2,-1,-3,-7,-10,-9,-13,-15,-22,-24,-27,-32,-31,-33,-38,-44,-44,-49,-57,-60,-61,-66,-69,-72,-73,-72,-71,-71,-75,-81,-84,-90,-96,-101,-110,-121,-130,-138,-141,-147,-152,-151,-156,-151,-151,-145,-145,-142,-140,-142,-141,-144,-144,-146,-147,-148,-147,-149,-146,-145,-144,-138,-129,-125,-115,-114,-111,-110,-110,-113,-117,-128,-134,-144,-151,-153,-158,-159,-156,-155,-148,-141,-129,-120,-111,-108,-107,-110,-114,-115,-121,-128,-132,-135,-133,-127,-117,-108,-98,-91,-85,-81,-76,-75,-74,-80,-89,-98,-97,-103,-98,-99,-94,-92,-91,-85,-76,-75,-68,-64,-68,-68,-67,-72,-76,-81,-82,-82,-83,-85,-82,-78,-77,-72,-72,-71,-69,-69,-70,-68,-63,-69,-68,-75,-78,-80,-81,-82,-81,-80,-78,-81,-75,-80,-74,-73,-74,-74,-75,-75,-72,-70,-70,-71,-71,-67,-63,-54,-46,-37,-27,-17,-11,1,9,20,25,30,36,39,50,53,63,69,83,99,111,128,141,152,164,175,181,189,196,202,212,218,227,239,253,257,272,281,290,296,300,302,301,295,294,291,289,289,290,290,298,301,306,313,313,313,308,303,295,290,286,275,270,264,264,263,266,263,265,259,259,259,258,251,249,236,228,223,222,224,224,228,232,236,245,252,260,266,270,272,271,274,277,275,274,275,280,284,290,302,312,323,337,345,361,373,385,393,409,411,418,423,424,427,433,438,441,448,456,460,468,478,488,496,504,509,515,520,523,522,522,515,509,504,500,497,496,500,501,500,504,510,512,517,515,508,494,483,463,447,435,421,406,394,387,381,377,373,370,364,359,347,342,331,321,308,293,279,269,259,251,247,241,237,233,230,223,217,209,196,190,177,168,159,151,144,137,133,130,128,124,121,119,118,122,119,113,109,110,109,113,115,118,117,115,122,119,122,124,124,123,122,130,133,137,145,148,150,155,168,171,177,180,180,176,174,174,171,172,173,171,172,176,181,187,188,192,193,189,188,185,178,173,169,158,154,152,147,143,143,138,134,129,125,120,113,110,104,100,97,92,84,77,74,68,60,56,47,42,40,36,37,34,35,36,38,42,47,48,46,46,40,34,32,32,30,29,31,32,36,41,51,61,64,66,70,73,75,80,82,83,84,84,87,92,97,103,113,118,124,133,136,143,148,153,158,165,174,183,185,198,203,213,218,224,232,238,247,258,263,274,282,285,291,300,308,309,315,319,320,320,323,325,322,324,319,316,312,313,316,317,314,316,320,320,323,323,318,315,308,308,306,309,306,301,302,303,306,309,305,308,304,300,302,299,294,292,288,286,287,285,284,290,289,287,286,281,278,270,264,261,259,260,259,258,257,259,264,265,264,266,263,263,261,260,267,271,276,277,287,298,311,325,334,342,343,345,352,355,360,362,364,365,371,378,388,394,405,412,417,427,434,435,438,443,447,444,447,451,455,458,465,469,468,473,472,473,472,474,470,468,463,457,458,455,454,452,451,451,448,447,448,445,439,434,426,419,413,406,405,400,393,385,382,382,377,378,378,374,372,371,372,372,371,369,371,368,370,375,376,377,382,380,385,389,400,402,404,411,419,429,436,443,444,450,451,453,464,467,466,466,474,481,489,498,509,515,523,527,528,528,526,517,512,510,507,504,505,508,509,511,514,516,513,505,495,480,465,450,433,416,402,387,374,368,361,353,346,337,327,314,304,287,269,254,232,211,195,182,167,156,148,139,131,122,115,103,90,79,67,59,44,34,28,20,19,15,12,7,6,1,5,4,4,1,-3,0,-1,1,5,6,12,14,21,30,39,50,58,64,69,76,88,98,110,120,128,135,142,154,168,178,192,204,218,234,248,261,274,289,305,316,329,338,346,353,359,362,369,375,380,388,397,407,414,422,432,438,442,441,442,436,434,426,419,412,407,402,401,401,398,395,392,393,389,385,378,369,361,354,347,339,332,325,322,322,323,326,321,317,312,307,301,296,292,285,278,272,269,270,271,274,273,274,269,270,275,271,268,260,252,245,236,234,230,227,225,222,224,228,233,237,239,236,235,233,235,232,228,227,229,224,222,222,222,224,233,237,241,247,247,249,252,256,256,260,255,258,256,255,258,261,263,260,261,265,269,271,271,270,263,261,258,252,246,241,232,222,211,208,203,202,198,189,188,185,181,177,174,160,154,141,135,128,120,115,106,103,102,104,106,108,106,105,100,93,86,79,69,58,49,41,39,40,47,50,55,64,65,75,74,76,76,70,64,61,58,54,56,57,65,72,78,91,102,110,119,127,134,135,138,139,143,146,152,160,164,173,184,195,212,227,241,250,260,270,276,285,289,296,299,303,309,319,328,340,349,358,368,377,385,389,395,392,392,388,386,382,378,381,382,382,385,387,391,394,396,400,397,396,390,384,374,367,358,343,333,324,317,312,307,306,303,301,294,293,289,280,273,263,247,234,222,206,195,188,179,174,171,168,167,168,166,159,148,141,130,122,115,109,103,97,99,103,113,122,131,134,141,149,152,150,150,144,139,136,136,140,144,154,163,170,178,189,200,207,215,217,219,219,222,222,218,217,215,219,218,222,222,229,232,236,239,240,243,242,242,236,231,224,217,210,208,202,199,196,187,183,178,173,164,161,155,149,141,133,130,127,125,120,115,109,106,105,105,103,102,101,94,89,91,90,86,84,82,77,79,84,86,90,97,99,107,114,120,128,133,140,141,144,143,143,143,146,152,158,166,174,186,199,214,224,232,240,241,243,242,233,235,229,226,225,231,235,245,253,260,268,270,275,275,273,266,257,248,240,233,225,222,219,212,207,208,203,199,190,181,164,152,138,124,110,93,86,73,63,54,51,43,41,36,30,23,16,8,-3,-14,-23,-39,-49,-55,-67,-75,-79,-86,-88,-91,-95,-97,-100,-101,-103,-104,-108,-115,-119,-121,-123,-126,-130,-128,-127,-127,-122,-117,-112,-107,-104,-96,-88,-81,-77,-69,-67,-70,-69,-71,-69,-61,-60,-51,-45,-40,-32,-18,-8,3,7,14,11,17,13,11,5,3,-1,3,2,15,26,37,45,53,59,66,63,60,58,48,41,34,31,30,33,32,37,45,56,61,63,65,64,58,51,46,35,24,16,9,5,4,6,7,15,21,26,26,27,26,23,18,17,17,10,9,8,8,15,25,43,56,83,113,145,185,223,260,293,323,354,375,395,415,428,437,440,443,449,453,461,464,464,471,478,485,492,496,498,495,492,490,482,477,470,457,448,437,428,426,424,422,420,418,421,421,420,419,420,420,418,419,427,431,434,441,440,442,444,440,434,428,421,415,405,398,392,385,381,381,381,382,378,374,363,361,357,350,346,340,339,337,340,351,354,363,364,368,367,363,353,343,321,299,278,256,246,240,236,236,245,254,270,283,297,308,322,323,316,317,319,317,310,306,305,310,316,319,335,347,359,364,364,368,372,375,376,376,376,377,385,387,394,395,395,399,399,402,401,402,401,398,405,410,422,433,451,471,488,510,527,542,558,567,574,583,587,594,597,603,612,620,629,639,646,654,662,668,671,670,664,660,657,654,651,649,646,642,637,629,630,625,618,608,603,593,586,582,577,571,563,556,551,547,542,533,526,517,511,505,503,508,511,517,523,533,545,557,564,576,581,581,582,587,593,600,614,624,636,658,676,697,714,734,744,757,764,766,765,767,768,765,768,775,785,797,810,827,842,855,870,878,887,890,892,888,889,884,882,884,888,895,907,916,927,940,954,963,970,980,980,982,983,982,984,985,988,988,999,1009,1018,1038,1045,1059,1065,1070,1074,1079,1082,1088,1084,1084,1088,1088,1098,1107,1113,1120,1128,1139,1148,1159,1173,1181,1190,1197,1200,1210,1219,1226,1234,1238,1244,1251,1262,1273,1284,1299,1315,1330,1348,1364,1377,1390,1402,1410,1416,1421,1425,1427,1436,1443,1452,1462,1478,1487,1502,1520,1532,1548,1556,1561,1570,1571,1571,1577,1583,1586,1597,1604,1613,1619,1631,1642,1653,1663,1664,1668,1666,1670,1677,1681,1677,1679,1681,1689,1700,1706,1712,1718,1722,1725,1725,1722,1715,1701,1688,1677,1662,1650,1636,1626,1609,1604,1594,1586,1576,1563,1548,1530,1508,1489,1466,1441,1415,1392,1371,1345,1327,1303,1285,1264,1254,1233,1219,1200,1184,1161,1141,1123,1102,1081,1061,1035,1020,1009,995,986,978,968,959,949,942,934,927,912,901,879,862,843,821,805,783,761,744,727,718,709,698,689,681,671,662,652,635,616,593,569,545,523,500,477,462,448,431,422,410,399,387,378,355,336,311,285,255,226,196,166,138,112,86,64,45,26,5,-12,-41,-67,-95,-121,-149,-175,-206,-236,-265,-288,-311,-331,-349,-372,-393,-420,-446,-474,-501,-527,-561,-591,-621,-648,-671,-691,-706,-722,-736,-749,-762,-770,-790,-803,-817,-837,-860,-882,-904,-921,-940,-960,-973,-986,-996,-1005,-1014,-1021,-1032,-1045,-1056,-1069,-1085,-1099,-1113,-1124,-1143,-1156,-1169,-1179,-1187,-1189,-1192,-1192,-1196,-1196,-1199,-1200,-1205,-1208,-1213,-1222,-1223,-1228,-1231,-1235,-1233,-1234,-1233,-1230,-1223,-1214,-1207,-1197,-1192,-1189,-1189,-1183,-1182,-1189,-1189,-1195,-1198,-1202,-1202,-1201,-1201,-1195,-1192,-1186,-1180,-1171,-1165,-1165,-1166,-1173,-1180,-1187,-1199,-1215,-1226,-1238,-1253,-1264,-1270,-1280,-1286,-1292,-1304,-1316,-1328,-1341,-1359,-1374,-1388,-1403,-1413,-1422,-1426,-1427,-1426,-1424,-1422,-1422,-1422,-1427,-1428,-1433,-1434,-1438,-1444,-1449,-1452,-1451,-1445,-1438,-1430,-1418,-1409,-1400,-1391,-1382,-1375,-1371,-1375,-1373,-1373,-1371,-1366,-1359,-1345,-1334,-1319,-1300,-1283,-1263,-1241,-1223,-1202,-1186,-1176,-1161,-1148,-1134,-1118,-1101,-1082,-1060,-1034,-1010,-985,-958,-936,-914,-892,-871,-856,-840,-829,-819,-807,-795,-784,-771,-752,-736,-723,-702,-682,-662,-646,-627,-609,-595,-585,-579,-576,-574,-574,-574,-573,-576,-575,-572,-568,-558,-550,-540,-537,-529,-522,-512,-503,-496,-490,-486,-482,-475,-468,-459,-450,-441,-429,-416,-399,-383,-367,-354,-339,-329,-319,-310,-302,-296,-291,-281,-276,-267,-258,-247,-235,-227,-216,-207,-198,-186,-174,-161,-151,-135,-124,-112,-94,-81,-67,-53,-42,-34,-29,-25,-20,-13,-11,-2,4,8,17,27,38,51,67,78,86,92,102,107,108,112,113,109,105,104,108,109,116,122,128,133,134,140,145,153,147,143,139,128,122,120,117,115,109,104,105,102,103,99,92,85,75,70,61,52,43,32,19,8,-1,-7,-14,-18,-26,-30,-32,-35,-40,-42,-46,-51,-59,-65,-73,-83,-93,-103,-114,-122,-135,-146,-150,-157,-161,-162,-166,-168,-174,-178,-179,-182,-186,-195,-203,-217,-225,-239,-248,-254,-271,-277,-284,-290,-297,-306,-308,-311,-320,-324,-330,-336,-342,-348,-360,-368,-373,-381,-387,-391,-398,-401,-411,-418,-425,-433,-441,-452,-462,-472,-487,-497,-511,-523,-533,-545,-558,-568,-572,-582,-589,-601,-610,-623,-631,-643,-656,-667,-678,-691,-704,-715,-728,-741,-750,-761,-770,-782,-793,-801,-810,-818,-821,-826,-833,-841,-845,-852,-857,-866,-871,-878,-890,-898,-905,-910,-916,-921,-931,-939,-947,-955,-970,-976,-985,-995,-1004,-1007,-1014,-1015,-1019,-1022,-1027,-1031,-1035,-1037,-1041,-1040,-1039,-1038,-1034,-1031,-1021,-1011,-995,-981,-964,-951,-939,-926,-914,-912,-909,-904,-906,-905,-905,-905,-906,-905,-901,-899,-894,-891,-890,-890,-889,-894,-894,-898,-907,-913,-919,-922,-926,-931,-937,-942,-952,-958,-966,-974,-981,-995,-1006,-1015,-1026,-1035,-1042,-1051,-1062,-1072,-1079,-1083,-1087,-1092,-1099,-1105,-1111,-1117,-1122,-1124,-1130,-1134,-1140,-1145,-1150,-1154,-1157,-1161,-1158,-1158,-1157,-1153,-1148,-1142,-1135,-1125,-1114,-1106,-1091,-1079,-1070,-1053,-1037,-1025,-1012,-1006,-997,-985,-973,-962,-951,-935,-920,-908,-885,-870,-849,-831,-815,-797,-780,-762,-748,-732,-717,-701,-682,-661,-642,-622,-599,-580,-563,-549,-536,-528,-516,-506,-503,-499,-489,-483,-465,-455,-435,-420,-406,-395,-386,-374,-374,-367,-369,-371,-368,-367,-363,-359,-346,-337,-323,-309,-291,-273,-257,-241,-227,-214,-205,-195,-191,-180,-172,-163,-149,-136,-122,-107,-89,-73,-52,-32,-12,3,17,36,51,69,85,95,107,120,135,153,173,195,214,233,253,276,301,321,339,356,370,388,406,425,446,467,487,506,527,549,575,595,617,637,654,670,685,695,707,720,729,740,754,761,772,784,800,812,825,839,853,866,877,887,897,900,902,899,903,904,907,911,915,916,917,919,926,932,932,925,922,915,911,903,901,896,891,889,885,883,887,889,889,886,883,878,875,865,856,847,840,832,828,825,826,824,831,835,838,841,844,841,837,833,822,813,805,793,787,779,775,770,768,766,762,759,759,756,751,745,735,725,710,698,688,680,668,655,643,637,635,633,626,619,610,601,594,583,572,555,543,524,512,497,494,486,484,477,471,470,463,459,453,445,431,413,397,382,368,349,335,320,307,296,289,284,275,269,265,256,249,240,230,222,202,193,181,175,163,153,141,138,134,141,145,136,132,125,126,111,90,74,54,41,14,-2,-18,-27,-36,-48,-54,-63,-70,-77,-86,-100,-114,-133,-150,-168,-188,-209,-228,-243,-264,-273,-282,-291,-302,-313,-319,-330,-341,-352,-365,-378,-394,-414,-429,-447,-462,-474,-482,-493,-501,-506,-511,-511,-508,-504,-500,-496,-492,-492,-490,-488,-485,-478,-476,-475,-470,-460,-447,-435,-423,-410,-399,-386,-372,-359,-347,-336,-332,-326,-317,-311,-303,-292,-289,-286,-280,-277,-271,-266,-256,-259,-255,-253,-247,-248,-244,-245,-245,-248,-249,-247,-249,-258,-259,-262,-267,-267,-273,-274,-275,-280,-280,-284,-287,-291,-291,-295,-299,-300,-302,-304,-305,-306,-309,-312,-313,-313,-315,-311,-313,-308,-298,-286,-272,-259,-244,-227,-210,-193,-176,-159,-142,-131,-113,-98,-80,-61,-45,-25,-3,21,48,74,104,127,150,173,195,220,247,271,296,320,341,369,397,427,457,488,514,542,570,594,621,644,662,678,689,705,720,730,744,756,769,781,795,812,828,843,855,870,880,891,900,903,904,907,909,907,909,908,912,918,922,930,940,949,954,962,972,977,984,986,991,988,990,989,993,998,1000,1002,1007,1020,1031,1045,1061,1074,1084,1096,1111,1122,1137,1145,1155,1166,1176,1192,1211,1226,1244,1260,1282,1298,1319,1339,1352,1372,1386,1397,1412,1423,1433,1447,1460,1475,1491,1510,1521,1535,1548,1561,1570,1584,1590,1598,1605,1613,1619,1626,1633,1639,1640,1639,1641,1641,1637,1635,1628,1622,1613,1609,1605,1602,1597,1587,1577,1574,1564,1556,1547,1535,1526,1512,1497,1484,1476,1465,1453,1438,1428,1421,1419,1414,1412,1405,1402,1396,1392,1391,1385,1379,1372,1362,1359,1350,1344,1338,1337,1332,1327,1330,1332,1331,1330,1332,1330,1323,1321,1314,1308,1301,1300,1296,1296,1295,1297,1298,1298,1301,1306,1314,1311,1312,1311,1307,1305,1299,1295,1286,1277,1271,1265,1261,1257,1251,1249,1241,1240,1241,1239,1236,1231,1223,1213,1205,1196,1184,1173,1158,1148,1135,1121,1120,1113,1107,1105,1098,1094,1090,1081,1071,1056,1044,1032,1013,1004,990,981,975,971,966,966,962,960,951,947,943,930,922,910,897,884,876,863,857,851,842,835,827,826,824,822,817,809,799,789,781,776,769,760,750,744,738,734,727,729,725,721,716,712,711,704,696,688,679,672,663,660,654,648,648,640,633,631,632,626,624,615,610,602,596,584,577,570,563,564,560,559,556,557,554,553,548,547,544,545,540,537,536,534,531,529,526,526,524,527,524,521,516,513,509,505,495,487,475,462,452,441,434,425,419,414,411,410,411,413,411,407,399,393,383,375,365,352,343,333,326,322,323,320,322,325,323,325,325,323,318,314,302,294,287,281,272,266,265,264,256,255,251,243,237,232,230,222,215,209,204,200,201,198,205,205,208,212,217,225,229,228,228,228,229,236,234,239,242,245,250,262,272,287,300,317,331,345,361,373,383,391,401,408,417,425,433,446,456,469,487,500,519,540,553,572,586,603,613,626,634,644,652,663,669,678,685,695,706,717,731,743,748,757,764,769,777,779,775,772,772,769,773,775,781,790,791,800,808,816,818,823,823,821,820,816,810,808,805,804,808,813,820,831,843,853,865,877,889,898,906,911,918,922,928,933,938,942,948,957,966,983,994,1002,1014,1021,1033,1043,1055,1068,1074,1082,1090,1099,1105,1116,1120,1128,1135,1144,1155,1166,1176,1177,1182,1183,1185,1183,1186,1181,1181,1179,1179,1177,1177,1172,1170,1164,1159,1150,1141,1133,1117,1101,1089,1072,1059,1047,1030,1019,1010,1004,994,988,979,966,959,949,938,928,920,912,900,893,886,883,877,876,871,868,866,862,856,854,848,843,840,834,830,827,824,814,812,810,809,814,814,814,817,817,813,816,813,808,803,797,795,793,791,791,790,787,789,791,794,798,803,800,795,790,784,780,774,767,765,764,756,753,755,757,755,758,755,749,743,738,728,723,711,701,693,685,674,669,661,658,654,653,652,648,644,644,641,637,625,613,603,593,581,576,568,560,550,545,536,533,531,523,514,501,492,477,469,454,442,424,408,397,384,379,369,361,352,343,332,320,309,295,274,256,236,210,195,176,160,145,129,115,103,95,80,71,58,44,27,10,-9,-30,-55,-72,-94,-118,-132,-148,-163,-174,-179,-188,-189,-193,-202,-212,-222,-235,-250,-268,-286,-303,-311,-318,-323,-322,-317,-316,-308,-304,-297,-295,-291,-296,-301,-306,-313,-320,-322,-329,-329,-334,-324,-321,-313,-306,-299,-295,-292,-290,-286,-285,-282,-285,-287,-290,-291,-289,-283,-277,-273,-265,-262,-256,-252,-249,-248,-249,-254,-262,-270,-278,-280,-287,-294,-300,-306,-311,-314,-316,-316,-320,-323,-326,-330,-334,-340,-347,-352,-352,-355,-358,-358,-362,-361,-360,-361,-362,-361,-364,-368,-364,-365,-367,-367,-370,-369,-369,-367,-357,-352,-349,-345,-339,-334,-330,-322,-313,-309,-303,-297,-292,-282,-274,-266,-255,-248,-235,-221,-207,-188,-174,-161,-148,-138,-127,-113,-106,-98,-92,-85,-75,-69,-59,-45,-29,-14,0,14,29,36,46,51,55,57,60,63,64,70,73,82,91,97,104,109,118,125,132,138,138,142,139,140,141,145,149,155,157,163,173,184,192,200,204,209,212,213,212,215,211,212,212,217,226,236,247,260,273,288,305,320,335,344,352,359,365,366,369,371,372,375,379,388,403,421,435,452,469,486,500,511,523,531,535,539,542,545,548,552,553,562,566,580,586,596,601,612,621,624,628,629,628,626,623,621,622,619,618,615,619,625,626,630,636,638,638,640,637,637,636,633,630,629,633,633,642,653,657,663,671,673,682,691,699,700,698,695,691,689,701,707,705,707,711,718,727,732,741,743,747,744,747,745,746,736,732,731,737,734,734,728,730,736,740,739,737,731,725,729,726,728,725,715,709,703,701,702,699,698,701,698,698,699,693,680,664,654,648,638,628,619,607,597,591,588,580,580,573,563,550,535,518,501,488,473,458,442,431,420,415,407,399,391,385,377,373,365,356,346,334,317,300,290,273,259,248,234,224,217,217,210,205,203,197,189,183,174,162,151,141,129,116,109,103,98,97,96,98,97,99,96,97,91,89,84,76,70,62,60,56,56,55,55,51,51,56,54,52,49,40,30,17,9,-6,-13,-21,-32,-39,-43,-48,-45,-48,-48,-50,-56,-57,-61,-68,-72,-82,-92,-101,-106,-112,-113,-115,-117,-118,-117,-117,-117,-118,-122,-130,-140,-153,-163,-174,-184,-194,-198,-207,-218,-220,-227,-234,-238,-248,-253,-263,-273,-287,-299,-305,-313,-322,-327,-334,-341,-343,-346,-346,-345,-351,-355,-360,-369,-374,-380,-385,-389,-400,-406,-410,-414,-415,-416,-418,-418,-419,-414,-409,-411,-408,-412,-411,-411,-412,-413,-412,-410,-408,-407,-399,-396,-387,-379,-372,-365,-359,-355,-350,-345,-342,-336,-331,-322,-312,-308,-296,-284,-279,-268,-256,-246,-247,-243,-237,-235,-233,-231,-235,-234,-232,-229,-223,-218,-212,-208,-204,-198,-195,-190,-188,-192,-196,-196,-202,-204,-204,-210,-210,-212,-212,-206,-199,-190,-180,-177,-174,-170,-167,-164,-165,-167,-171,-170,-173,-170,-171,-169,-165,-157,-155,-141,-131,-122,-114,-107,-102,-96,-91,-85,-79,-70,-62,-52,-38,-23,-8,13,33,53,72,95,112,129,146,162,181,201,214,230,247,268,286,309,327,348,366,387,410,432,458,477,492,510,520,534,551,561,575,585,599,614,626,642,655,668,685,693,706,721,732,743,751,760,764,771,779,782,781,789,788,788,787,784,780,781,780,778,774,774,770,764,762,756,752,747,742,730,724,719,713,713,711,708,701,707,706,710,712,712,711,709,707,707,711,709,707,710,711,715,716,724,727,733,735,747,756,767,775,781,792,796,805,812,818,822,829,832,836,842,846,849,855,865,867,871,880,886,889,891,891,889,888,887,883,877,876,874,873,868,867,862,858,854,852,848,839,835,826,821,816,806,795,778,767,752,737,727,713,697,683,672,663,654,644,634,620,606,592,582,571,559,542,529,514,502,494,487,483,476,468,466,463,455,453,445,438,430,418,405,399,392,381,376,372,364,363,361,361,361,361,364,363,361,359,355,356,353,349,346,344,341,341,344,343,347,348,349,355,355,355,356,358,354,345,344,337,328,328,323,321,320,316,317,313,312,309,297,292,282,274,269,259,250,236,229,220,211,205,195,186,177,172,164,163,150,142,133,118,105,97,82,71,57,45,30,20,10,0,-15,-23,-37,-49,-54,-66,-75,-86,-93,-100,-111,-116,-126,-132,-139,-152,-159,-167,-181,-194,-207,-224,-231,-242,-254,-264,-265,-268,-265,-266,-267,-271,-275,-281,-288,-299,-307,-317,-329,-338,-346,-349,-354,-350,-351,-351,-346,-343,-341,-336,-333,-336,-342,-348,-355,-359,-365,-371,-376,-379,-380,-373,-368,-363,-353,-344,-340,-331,-328,-327,-325,-326,-326,-328,-327,-332,-333,-330,-324,-319,-313,-304,-300,-293,-288,-285,-282,-286,-289,-294,-304,-307,-310,-311,-311,-316,-315,-314,-313,-312,-306,-309,-310,-310,-314,-314,-315,-318,-329,-333,-338,-342,-343,-340,-340,-339,-337,-331,-331,-325,-323,-319,-318,-317,-315,-312,-311,-308,-300,-292,-287,-276,-266,-255,-242,-228,-218,-213,-199,-195,-183,-173,-159,-151,-137,-121,-108,-89,-73,-56,-37,-24,-10,6,19,34,47,56,70,81,97,113,131,149,168,179,192,207,222,238,252,264,272,281,292,298,307,320,329,337,349,354,366,378,385,388,393,395,394,395,393,387,383,376,369,364,364,365,366,368,369,371,373,370,370,369,364,358,350,345,333,328,323,320,318,316,313,314,312,316,318,319,316,315,308,307,306,308,312,310,312,315,318,325,331,336,340,343,344,351,357,355,356,354,353,352,354,357,365,368,376,385,397,411,422,435,443,451,460,467,473,478,484,486,491,498,507,515,527,534,546,551,565,576,578,585,593,594,598,605,608,611,619,623,625,633,640,644,644,647,650,649,648,647,644,641,637,636,635,633,630,629,628,630,636,637,632,629,626,624,620,615,611,602,594,588,586,585,585,581,578,572,568,564,562,556,548,540,532,524,522,518,514,510,510,510,512,515,514,515,513,511,508,506,504,499,495,492,491,491,489,488,485,483,482,480,475,471,465,458,457,451,445,437,434,422,419,411,407,397,394,388,382,382,380,380,370,363,354,347,341,334,325,316,303,294,290,280,275,267,260,249,238,230,218,212,199,190,176,165,162,150,141,129,122,109,103,91,83,68,59,44,31,19,11,-5,-15,-22,-33,-45,-53,-63,-76,-83,-91,-98,-111,-116,-119,-128,-133,-135,-141,-145,-153,-158,-162,-167,-175,-182,-190,-196,-199,-205,-210,-218,-222,-225,-231,-230,-231,-236,-239,-245,-253,-256,-260,-265,-270,-275,-284,-296,-305,-313,-317,-319,-319,-317,-319,-318,-315,-317,-313,-314,-319,-324,-333,-339,-345,-349,-352,-361,-364,-365,-365,-366,-368,-368,-369,-375,-382,-384,-392,-398,-405,-419,-429,-436,-445,-454,-457,-461,-462,-463,-462,-464,-466,-469,-470,-475,-486,-497,-507,-514,-526,-533,-545,-551,-560,-564,-567,-569,-567,-564,-565,-563,-564,-564,-567,-571,-573,-579,-583,-587,-589,-588,-586,-584,-578,-575,-571,-557,-549,-540,-535,-529,-524,-520,-513,-508,-506,-497,-497,-489,-480,-463,-447,-434,-428,-417,-407,-391,-373,-362,-354,-348,-347,-335,-325,-325,-318,-309,-301,-290,-282,-265,-254,-241,-229,-217,-209,-197,-190,-183,-176,-167,-162,-157,-152,-146,-139,-132,-125,-121,-117,-115,-112,-107,-101,-100,-97,-95,-97,-96,-99,-96,-98,-96,-96,-98,-103,-96,-91,-88,-85,-82,-79,-75,-72,-68,-65,-61,-59,-57,-52,-47,-39,-33,-19,-14,-1,6,19,33,42,52,65,77,93,110,125,136,155,169,184,202,216,230,248,265,275,291,304,315,329,340,361,370,383,399,410,424,436,449,462,475,481,495,500,509,520,525,527,533,540,548,556,564,571,576,580,585,581,588,588,580,573,568,565,559,553,555,552,550,551,549,554,551,548,543,536,528,516,509,499,487,475,465,459,458,456,455,457,455,457,461,464,469,467,468,465,463,465,467,465,470,473,473,478,483,493,501,511,516,524,532,539,543,547,547,549,549,549,553,557,563,571,581,588,600,606,610,617,622,629,627,628,627,629,627,628,631,631,632,632,629,627,624,622,613,608,605,599,598,594,589,586,579,576,576,572,571,568,565,556,548,546,539,530,521,510,505,495,492,491,490,488,486,482,481,483,480,476,470,462,456,448,440,431,426,417,410,409,409,410,408,411,405,404,400,399,389,385,378,369,361,355,350,343,340,335,329,328,326,321,316,310,305,297,288,277,262,253,241,230,222,211,204,196,190,188,181,175,170,159,151,144,133,126,117,105,96,89,82,81,76,71,64,61,56,49,43,38,26,16,7,0,-5,-5,-8,-8,-8,-7,-5,-4,-5,-8,-15,-25,-33,-43,-51,-62,-72,-79,-87,-89,-95,-101,-106,-111,-116,-119,-127,-135,-144,-154,-165,-180,-194,-208,-221,-234,-248,-258,-267,-277,-284,-295,-301,-311,-322,-332,-344,-352,-368,-377,-388,-406,-419,-427,-439,-449,-454,-456,-463,-466,-470,-472,-479,-481,-484,-491,-495,-501,-503,-507,-511,-512,-510,-513,-510,-506,-502,-500,-491,-489,-486,-485,-483,-476,-466,-458,-448,-442,-434,-425,-409,-394,-384,-367,-350,-334,-318,-301,-288,-277,-269,-262,-254,-246,-239,-235,-228,-223,-219,-209,-198,-190,-179,-174,-165,-164,-160,-156,-153,-151,-146,-149,-149,-145,-143,-146,-147,-151,-156,-162,-159,-170,-172,-175,-180,-182,-185,-188,-185,-191,-191,-192,-196,-199,-205,-216,-221,-231,-240,-243,-243,-249,-250,-246,-245,-240,-232,-227,-222,-214,-205,-197,-192,-189,-183,-181,-176,-169,-162,-149,-139,-124,-109,-90,-68,-49,-30,-14,3,15,25,36,42,45,45,44,51,55,62,76,85,96,109,123,140,154,164,169,169,167,169,166,165,165,158,161,161,168,174,183,187,190,193,197,195,197,193,185,177,170,161,151,148,143,141,136,139,143,149,149,153,153,152,150,143,134,127,118,111,102,96,92,87,91,95,98,104,106,112,118,122,126,125,130,129,134,135,142,146,155,160,167,173,182,192,203,211,222,232,240,252,264,279,285,297,310,325,336,351,365,378,390,399,416,433,447,462,474,487,501,511,528,540,553,562,572,583,590,603,611,613,617,619,620,621,625,629,631,636,637,642,646,656,657,659,654,649,645,636,628,623,614,609,605,601,598,599,595,595,594,596,594,590,586,578,572,565,563,552,546,543,544,542,542,543,539,541,539,542,544,548,545,545,544,544,543,541,538,530,531,531,528,532,532,531,527,525,525,525,524,517,510,502,492,487,480,472,458,452,445,442,439,438,432,432,421,416,413,410,407,403,393,386,381,375,366,360,359,355,353,355,355,355,355,359,358,355,355,351,347,343,342,334,333,327,325,328,329,334,337,341,345,341,344,344,346,349,341,337,331,326,324,323,320,315,307,304,299,292,285,278,271,261,250,247,238,232,222,212,202,190,181,173,163,146,136,121,109,94,82,72,60,45,29,23,10,-4,-11,-23,-33,-42,-50,-56,-64,-69,-70,-75,-77,-78,-82,-84,-81,-79,-78,-73,-76,-71,-73,-71,-74,-68,-68,-65,-59,-53,-43,-32,-24,-16,-9,0,4,14,17,20,22,24,34,38,48,51,56,66,73,82,96,104,113,118,120,125,130,134,136,142,145,145,147,153,164,168,175,182,182,192,196,199,203,203,202,204,205,206,204,204,204,206,204,206,212,213,218,222,223,222,219,212,210,208,207,204,202,200,201,198,201,204,204,205,199,196,196,193,187,182,173,164,159,154,152,150,150,149,149,144,141,146,152,150,145,140,130,127,121,123,115,108,100,96,100,99,101,105,105,108,110,113,113,112,106,107,107,105,107,107,111,114,121,124,128,127,128,131,130,127,125,129,129,133,142,149,156,162,168,173,180,186,189,192,192,192,194,197,202,209,213,220,229,240,249,259,267,272,279,283,290,296,302,307,313,315,321,330,343,353,361,373,380,393,407,415,423,431,438,444,447,451,453,459,461,465,471,482,493,502,519,535,545,554,566,574,582,588,589,593,598,598,603,607,616,624,634,639,647,653,662,671,677,678,676,675,677,679,680,682,679,679,684,685,688,694,699,697,698,694,696,693,688,682,671,664,660,659,659,658,659,665,667,670,675,677,679,681,676,673,669,667,659,652,653,649,649,651,650,652,651,654,655,654,653,651,647,645,641,635,630,625,617,611,609,609,603,602,599,597,599,597,598,592,586,581,572,563,560,552,539,534,528,523,525,528,527,526,529,528,528,529,524,519,516,510,506,499,495,496,495,497,496,495,500,496,495,490,485,480,481,473,473,466,466,467,462,464,468,466,466,464,470,472,468,466,466,461,462,464,467,466,467,473,481,485,488,495,501,500,506,498,492,490,488,485,485,485,484,486,494,499,506,511,516,522,522,523,518,511,503,494,490,484,477,475,471,473,475,481,484,489,490,491,487,485,481,475,471,471,469,467,468,471,474,476,482,488,488,488,486,484,480,479,472,458,453,443,435,433,432,429,429,426,425,428,427,427,419,411,401,388,375,364,349,339,325,320,316,314,312,312,309,305,296,292,283,273,254,243,229,216,206,201,195,197,195,195,195,195,192,190,183,176,169,160,151,142,136,132,128,126,131,135,142,149,160,169,172,176,174,175,174,172,172,172,173,173,175,182,189,195,205,208,217,218,224,226,228,224,220,215,212,214,223,222,228,236,244,251,262,272,277,282,281,284,286,288,283,283,281,283,283,285,286,289,295,297,301,302,305,307,306,307,303,297,293,289,280,278,275,281,275,279,281,286,285,293,290,291,288,285,281,278,270,268,265,258,255,257,264,275,281,288,294,298,298,303,304,303,298,297,292,290,296,299,307,307,314,318,326,333,339,339,341,338,335,335,333,336,337,339,344,349,360,367,378,388,394,402,408,407,406,406,403,399,395,396,399,400,408,417,426,438,444,452,458,460,464,462,464,457,453,449,450,453,451,454,454,457,465,466,469,467,465,458,455,447,440,435,425,414,410,407,406,409,412,416,420,422,424,426,424,422,417,408,400,396,386,381,377,377,378,376,386,393,401,409,410,412,407,403,396,384,377,368,365,362,363,364,369,375,385,392,398,402,406,404,404,395,390,381,374,367,367,369,375,383,385,392,397,407,411,410,411,405,399,390,385,382,375,377,372,371,379,386,397,407,415,421,427,432,434,430,428,424,422,420,416,418,419,422,430,433,438,442,443,445,442,443,442,434,426,422,417,411,409,404,404,400,398,397,398,397,395,388,382,374,365,356,347,340,331,322,317,313,311,307,305,299,296,293,292,286,280,276,264,254,251,244,240,235,234,234,235,239,245,246,250,252,249,247,247,242,237,233,231,232,234,241,249,256,268,276,284,291,292,297,300,304,306,311,316,318,330,340,351,365,375,387,394,398,409,411,409,405,394,387,385,378,377,373,368,363,362,362,362,359,358,350,343,336,329,316,311,299,289,278,274,269,269,267,268,267,267,263,264,255,247,241,233,224,217,213,211,210,215,219,220,228,231,233,240,241,248,251,252,253,255,263,267,274,279,284,289,298,308,318,327,331,341,344,350,359,364,373,381,387,392,396,407,413,423,429,438,445,449,457,463,468,467,466,469,470,473,476,475,481,483,487,491,493,496,495,492,484,479,473,463,450,444,434,427,423,414,409,401,397,391,384,376,367,354,341,329,314,299,286,271,259,250,243,231,224,209,199,191,176,167,155,142,127,113,99,87,74,63,51,39,34,27,19,15,1,-10,-21,-35,-47,-58,-67,-76,-86,-93,-96,-93,-91,-89,-89,-92,-90,-85,-84,-84,-85,-87,-93,-97,-96,-97,-98,-93,-93,-90,-86,-81,-74,-67,-62,-59,-57,-54,-53,-55,-57,-59,-60,-64,-68,-73,-79,-76,-76,-75,-76,-73,-74,-74,-73,-76,-78,-90,-98,-111,-120,-131,-138,-144,-150,-155,-158,-158,-157,-153,-151,-155,-157,-163,-170,-179,-185,-194,-205,-208,-211,-209,-202,-196,-187,-183,-174,-159,-150,-145,-142,-140,-143,-143,-143,-142,-138,-138,-131,-124,-112,-99,-84,-67,-50,-39,-22,-15,-8,-6,-6,-5,-6,-6,-3,-9,-5,0,8,16,23,31,43,53,65,69,74,77,79,75,76,75,76,79,77,80,82,84,89,99,102,101,98,98,97,94,92,86,80,72,71,69,69,73,71,72,68,66,74,71,69,62,56,49,41,35,38,35,38,37,38,44,46,50,47,51,46,48,44,38,31,27,23,16,9,10,11,8,10,8,9,6,1,-6,-14,-18,-29,-33,-39,-47,-50,-56,-58,-61,-62,-72,-76,-84,-92,-101,-110,-118,-126,-139,-145,-152,-158,-158,-163,-164,-163,-166,-163,-164,-166,-168,-176,-183,-192,-197,-204,-212,-222,-227,-229,-227,-223,-216,-211,-208,-202,-199,-195,-195,-193,-196,-199,-202,-200,-200,-196,-192,-186,-179,-174,-163,-156,-148,-146,-145,-144,-148,-151,-155,-159,-160,-162,-160,-160,-156,-151,-147,-136,-130,-126,-123,-120,-123,-121,-127,-130,-134,-139,-147,-149,-150,-149,-145,-141,-139,-136,-129,-125,-119,-113,-115,-115,-120,-122,-125,-127,-128,-129,-128,-126,-124,-114,-107,-97,-92,-85,-84,-79,-73,-72,-72,-68,-74,-72,-68,-62,-56,-53,-44,-38,-29,-23,-18,-11,-3,0,4,8,14,17,21,22,28,34,35,39,42,50,55,58,59,57,52,47,42,39,30,29,21,14,10,6,5,0,0,-10,-18,-28,-36,-43,-55,-64,-76,-87,-95,-102,-110,-118,-130,-140,-153,-165,-175,-187,-203,-216,-225,-237,-243,-246,-246,-244,-248,-244,-242,-240,-239,-240,-239,-244,-247,-249,-249,-254,-254,-253,-253,-247,-247,-237,-229,-218,-205,-194,-182,-171,-162,-150,-135,-128,-119,-109,-97,-90,-77,-66,-51,-36,-22,-11,13,37,58,77,96,111,124,135,144,157,167,175,183,193,207,219,229,249,258,267,270,278,284,290,292,282,274,268,265,260,254,252,251,246,245,244,243,241,237,228,216,208,193,181,164,152,139,123,116,109,100,95,86,80,76,66,61,48,41,30,18,9,0,-5,-12,-12,-15,-15,-13,-9,-7,-9,-8,-8,-10,-6,-8,-7,1,9,17,31,38,47,57,65,74,82,87,90,87,93,91,97,98,98,102,108,113,123,129,132,134,136,140,137,141,147,150,147,141,137,138,143,134,131,127,123,124,123,115,113,102,96,93,86,76,65,57,39,29,14,5,-6,-15,-25,-43,-67,-83,-96,-102,-108,-116,-121,-119,-110,-95,-76,-62,-42,-22,2,24,44,69,97,123,146,161,171,181,190,199,208,210,210,207,203,199,185,182,172,159,147,138,126,117,104,87,66,45,24,9,-9,-25,-37,-47,-50,-44,-41,-30,-18,-9,9,19,23,41,46,40,33,21,16,3,-4,-14,-27,-32,-36,-37,-29,-23,-13,1,16,25,39,44,46,47,37,31,18,7,-5,-16,-26,-29,-29,-27,-21,-13,-5,0,0,3,1,-5,-10,-14,-16,-22,-26,-26,-24,-17,-5,8,18,29,42,55,63,72,75,77,76,75,71,69,68,64,61,60,57,58,60,60,56,55,49,42,36,32,21,15,9,9,10,17,25,42,55,71,93,118,143,167,195,216,238,261,280,299,313,330,340,355,370,386,402,419,438,455,477,503,530,556,586,610,639,669,693,713,734,750,768,784,799,811,828,844,861,883,896,915,927,943,954,961,969,973,970,969,970,970,970,969,967,961,957,956,957,958,953,950,948,941,939,941,938,932,927,924,925,924,923,926,925,922,922,920,921,917,916,914,905,903,892,887,876,870,864,856,853,852,853,853,858,859,866,873,879,886,888,894,904,912,921,931,939,952,968,979,994,1009,1023,1034,1050,1065,1083,1100,1121,1137,1160,1184,1209,1231,1249,1266,1284,1304,1320,1338,1353,1363,1378,1388,1397,1409,1421,1430,1441,1453,1466,1479,1489,1501,1510,1515,1518,1523,1528,1532,1525,1521,1516,1509,1508,1507,1502,1500,1493,1487,1482,1478,1470,1465,1452,1442,1428,1417,1402,1387,1372,1362,1349,1338,1329,1319,1310,1305,1294,1288,1276,1268,1260,1248,1241,1231,1224,1216,1202,1196,1193,1190,1191,1194,1195,1201,1205,1208,1213,1216,1218,1215,1212,1206,1206,1208,1212,1214,1219,1226,1237,1246,1258,1270,1273,1277,1273,1269,1257,1250,1230,1213,1198,1184,1177,1172,1171,1171,1167,1168,1170,1166,1166,1153,1137,1119,1095,1072,1049,1021,996,977,959,937,925,913,902,886,871,852,834,811,781,755,723,691,660,633,610,586,570,556,546,529,519,504,482,464,442,412,389,358,332,305,278,256,233,219,200,188,176,163,150,136,117,93,71,45,25,2,-24,-50,-75,-95,-116,-136,-150,-169,-182,-199,-212,-229,-238,-258,-279,-300,-325,-348,-370,-385,-403,-424,-440,-454,-464,-475,-485,-496,-506,-516,-532,-543,-563,-581,-602,-625,-644,-663,-676,-690,-695,-699,-701,-705,-704,-708,-712,-715,-722,-733,-745,-758,-775,-791,-807,-818,-830,-838,-844,-847,-854,-856,-856,-856,-861,-866,-872,-881,-891,-902,-917,-931,-947,-963,-973,-983,-990,-1001,-1009,-1013,-1019,-1024,-1026,-1035,-1041,-1055,-1068,-1080,-1093,-1106,-1119,-1134,-1148,-1160,-1169,-1176,-1186,-1196,-1210,-1226,-1241,-1258,-1274,-1289,-1306,-1325,-1340,-1351,-1360,-1366,-1374,-1378,-1382,-1385,-1391,-1394,-1398,-1403,-1408,-1419,-1427,-1435,-1445,-1456,-1460,-1463,-1472,-1473,-1479,-1480,-1478,-1476,-1474,-1468,-1467,-1465,-1466,-1463,-1465,-1468,-1469,-1469,-1468,-1464,-1458,-1448,-1433,-1420,-1407,-1397,-1382,-1373,-1363,-1357,-1356,-1356,-1356,-1352,-1347,-1339,-1328,-1313,-1298,-1279,-1254,-1234,-1211,-1191,-1176,-1163,-1157,-1146,-1141,-1136,-1133,-1127,-1115,-1106,-1087,-1068,-1044,-1019,-994,-972,-946,-921,-900,-885,-877,-869,-868,-861,-846,-837,-829,-817,-802,-781,-756,-727,-704,-675,-651,-629,-613,-599,-589,-580,-573,-565,-557,-545,-531,-515,-494,-471,-450,-430,-401,-385,-365,-350,-336,-322,-313,-300,-285,-268,-246,-221,-194,-167,-142,-117,-89,-65,-39,-14,4,22,39,58,79,98,121,143,173,198,229,262,296,325,352,379,398,423,445,460,478,490,504,521,533,550,568,587,606,627,644,664,681,696,711,725,738,747,754,765,773,791,797,813,830,841,854,870,886,893,904,909,915,916,919,924,931,939,944,954,960,973,987,999,1008,1022,1032,1043,1051,1059,1067,1064,1068,1076,1082,1092,1103,1115,1126,1139,1152,1168,1179,1192,1201,1212,1217,1226,1232,1233,1233,1237,1234,1238,1244,1247,1254,1258,1261,1263,1266,1259,1257,1254,1243,1236,1221,1210,1196,1182,1171,1157,1147,1134,1122,1107,1093,1076,1059,1040,1016,991,965,941,914,891,872,849,831,811,799,780,767,753,729,707,685,657,637,606,578,550,526,503,487,474,460,448,436,426,415,406,392,375,357,331,304,278,256,231,213,196,183,170,157,149,138,124,105,84,62,39,13,-15,-37,-66,-89,-110,-130,-147,-163,-176,-193,-206,-227,-249,-273,-299,-326,-350,-380,-409,-435,-462,-486,-505,-525,-545,-566,-583,-601,-617,-638,-660,-684,-709,-737,-759,-786,-812,-834,-859,-879,-901,-917,-935,-953,-967,-990,-1008,-1029,-1049,-1072,-1092,-1117,-1139,-1161,-1182,-1196,-1216,-1230,-1244,-1261,-1273,-1289,-1306,-1324,-1337,-1357,-1376,-1396,-1416,-1437,-1454,-1470,-1481,-1495,-1505,-1517,-1525,-1535,-1546,-1554,-1570,-1585,-1600,-1616,-1634,-1653,-1671,-1693,-1709,-1724,-1732,-1735,-1735,-1729,-1727,-1725,-1721,-1715,-1715,-1713,-1711,-1715,-1712,-1713,-1708,-1699,-1690,-1677,-1661,-1643,-1621,-1602,-1582,-1562,-1545,-1533,-1522,-1517,-1506,-1504,-1496,-1489,-1482,-1475,-1462,-1446,-1433,-1419,-1403,-1395,-1386,-1377,-1371,-1368,-1366,-1361,-1357,-1353,-1344,-1332,-1320,-1300,-1284,-1264,-1248,-1230,-1218,-1203,-1190,-1182,-1172,-1168,-1162,-1161,-1158,-1153,-1143,-1132,-1125,-1108,-1097,-1081,-1067,-1057,-1046,-1038,-1033,-1026,-1018,-1010,-1002,-996,-989,-983,-970,-958,-946,-930,-920,-903,-890,-875,-861,-845,-836,-826,-814,-800,-784,-769,-756,-744,-729,-704,-686,-663,-641,-618,-596,-569,-546,-522,-497,-475,-452,-435,-418,-396,-379,-354,-334,-308,-283,-259,-231,-198,-172,-146,-111,-88,-67,-42,-20,4,20,40,64,87,119,148,180,208,242,271,300,329,350,374,396,416,431,453,471,489,507,532,555,575,593,611,628,644,660,676,687,704,713,724,740,760,786,804,817,832,856,880,897,908,923,934,951,968,980,991,998,1006,1020,1030,1047,1060,1072,1087,1097,1105,1120,1135,1146,1163,1180,1194,1213,1240,1258,1271,1287,1304,1321,1339,1356,1375,1395,1410,1431,1448,1475,1499,1521,1548,1572,1597,1616,1641,1656,1679,1693,1712,1723,1740,1757,1772,1785,1804,1822,1835,1850,1858,1866,1873,1878,1882,1890,1886,1888,1886,1888,1890,1893,1893,1890,1884,1879,1872,1861,1854,1841,1828,1813,1801,1792,1787,1777,1768,1749,1735,1720,1701,1685,1660,1637,1609,1585,1566,1550,1531,1510,1494,1477,1463,1446,1431,1406,1385,1359,1334,1306,1280,1257,1234,1212,1192,1178,1167,1157,1144,1132,1119,1103,1089,1072,1054,1035,1015,992,974,958,941,924,916,901,891,883,873,858,846,833,815,800,784,767,742,727,711,694,681,668,651,642,634,623,621,612,603,589,581,569,560,551,540,527,517,503,496,490,488,480,474,468,466,463,463,456,449,435,424,411,396,382,366,350,331,316,307,301,291,285,277,268,261,251,239,220,205,184,164,145,128,110,95,88,77,68,62,56,47,38,22,7,-12,-34,-53,-79,-96,-112,-129,-137,-147,-154,-153,-156,-162,-163,-172,-178,-184,-192,-199,-208,-217,-229,-236,-243,-243,-244,-247,-241,-243,-243,-241,-237,-238,-240,-242,-245,-245,-247,-244,-241,-239,-239,-239,-234,-228,-223,-221,-219,-219,-214,-213,-212,-210,-209,-209,-210,-208,-203,-202,-197,-195,-192,-193,-194,-191,-189,-191,-195,-200,-206,-212,-217,-220,-225,-225,-232,-236,-239,-245,-246,-256,-254,-262,-272,-280,-289,-300,-308,-315,-321,-325,-331,-337,-338,-337,-337,-332,-327,-328,-325,-321,-320,-315,-314,-316,-318,-320,-319,-316,-307,-297,-288,-275,-260,-243,-223,-211,-198,-190,-181,-172,-165,-155,-147,-135,-119,-101,-85,-63,-37,-12,16,41,65,86,114,133,156,177,201,226,256,283,307,343,375,405,435,466,494,521,552,577,606,627,655,680,705,732,760,787,816,843,870,900,925,956,981,1003,1025,1048,1064,1083,1105,1122,1137,1151,1165,1182,1197,1216,1231,1246,1261,1277,1296,1313,1328,1345,1354,1366,1378,1387,1398,1401,1402,1403,1407,1406,1407,1408,1410,1412,1414,1416,1424,1433,1441,1448,1455,1458,1466,1472,1476,1481,1485,1490,1494,1500,1506,1510,1513,1520,1530,1536,1545,1555,1563,1571,1584,1598,1611,1625,1635,1644,1656,1666,1680,1690,1695,1699,1709,1718,1728,1743,1754,1767,1780,1794,1811,1831,1844,1852,1864,1870,1877,1885,1895,1905,1910,1917,1925,1933,1944,1953,1959,1962,1961,1964,1963,1965,1966,1962,1962,1957,1958,1955,1955,1952,1947,1943,1936,1926,1922,1912,1902,1887,1874,1863,1852,1841,1830,1822,1810,1800,1793,1785,1776,1769,1757,1749,1738,1730,1718,1708,1701,1692,1681,1676,1670,1659,1648,1639,1632,1622,1616,1592,1581,1575,1564,1554,1547,1537,1527,1518,1506,1505,1498,1488,1473,1463,1451,1448,1443,1432,1426,1415,1403,1394,1386,1376,1370,1358,1344,1331,1316,1307,1296,1285,1271,1262,1249,1235,1226,1211,1194,1175,1154,1134,1118,1099,1082,1065,1054,1041,1027,1016,1002,989,977,961,939,912,891,870,847,822,800,774,756,736,721,711,698,687,672,658,640,622,604,579,559,534,511,491,467,452,434,421,402,383,370,355,338,322,306,283,264,244,225,207,192,174,159,146,134,127,118,110,104,93,81,74,64,56,45,31,17,5,-3,-11,-17,-21,-22,-30,-26,-25,-25,-26,-28,-34,-41,-46,-55,-62,-69,-76,-80,-87,-91,-96,-97,-97,-98,-101,-103,-106,-109,-117,-120,-131,-137,-144,-153,-160,-166,-167,-170,-167,-171,-171,-172,-173,-173,-179,-185,-203,-212,-227,-240,-253,-260,-272,-278,-281,-283,-280,-276,-276,-276,-277,-284,-297,-305,-318,-326,-343,-352,-364,-373,-371,-372,-364,-359,-356,-346,-344,-340,-339,-340,-342,-346,-348,-349,-349,-346,-342,-334,-328,-318,-302,-291,-280,-263,-251,-242,-230,-225,-223,-218,-213,-207,-200,-190,-183,-171,-155,-141,-126,-111,-94,-76,-63,-52,-41,-35,-25,-24,-14,-13,-3,7,18,35,45,60,77,95,117,131,144,158,168,179,192,198,205,209,213,222,231,239,248,256,265,270,279,290,299,303,301,303,303,302,300,297,297,294,290,289,287,285,283,279,278,269,266,259,250,243,239,233,227,230,229,227,231,236,240,243,242,244,240,239,238,239,238,240,244,251,261,275,290,305,318,329,342,354,369,374,381,387,392,405,416,428,445,462,478,497,514,536,550,561,572,586,592,604,614,621,628,635,646,661,672,686,699,713,726,738,752,758,767,774,780,783,784,784,784,787,790,794,796,799,803,806,810,812,815,817,817,815,813,812,809,806,797,787,781,773,768,763,761,757,751,748,742,740,740,729,722,717,713,711,707,705,704,702,703,705,711,717,724,728,731,733,736,735,741,735,731,730,730,732,731,737,740,742,744,750,748,748,746,746,743,736,732,731,729,727,731,730,735,736,738,736,734,729,719,709,699,682,667,655,645,630,619,610,596,585,575,570,561,544,531,519,501,484,469,451,433,411,388,368,353,338,324,307,292,276,263,249,229,213,190,167,146,121,104,81,57,39,23,7,-5,-17,-30,-45,-58,-73,-87,-100,-120,-135,-161,-179,-196,-215,-233,-245,-258,-271,-282,-289,-299,-307,-316,-324,-334,-345,-360,-374,-391,-406,-419,-433,-441,-451,-461,-466,-466,-467,-466,-470,-478,-479,-482,-485,-493,-501,-513,-526,-531,-537,-538,-541,-541,-541,-544,-545,-547,-547,-553,-561,-571,-579,-584,-586,-591,-591,-595,-593,-593,-593,-591,-591,-591,-596,-603,-607,-617,-623,-625,-627,-633,-633,-631,-627,-627,-621,-613,-614,-610,-611,-609,-613,-613,-619,-627,-630,-639,-642,-645,-646,-648,-645,-645,-649,-648,-645,-645,-647,-650,-648,-656,-655,-657,-662,-663,-662,-668,-668,-663,-661,-655,-651,-649,-650,-648,-651,-650,-648,-651,-654,-656,-654,-655,-652,-647,-643,-637,-634,-626,-615,-608,-598,-593,-589,-586,-580,-571,-566,-559,-547,-539,-530,-517,-502,-486,-467,-449,-430,-410,-390,-373,-358,-343,-330,-316,-304,-290,-277,-263,-244,-224,-204,-187,-171,-152,-134,-117,-104,-96,-89,-84,-75,-67,-59,-50,-38,-32,-21,-8,1,16,25,33,34,37,37,39,39,40,36,33,38,37,39,42,44,47,45,47,47,46,42,42,38,37,36,36,33,36,39,44,46,54,58,66,73,76,80,83,89,93,100,109,122,131,142,155,167,181,199,216,229,251,266,283,299,314,333,347,361,380,397,418,441,468,489,509,536,557,582,606,625,646,658,673,692,703,716,725,733,738,747,757,765,776,786,795,802,810,820,822,824,824,822,818,810,803,797,791,783,777,773,764,755,748,742,736,727,712,701,690,678,670,663,654,647,642,634,632,629,626,617,609,595,583,568,558,550,539,527,519,512,513,514,510,510,515,509,511,515,513,507,507,502,498,494,487,486,487,487,489,492,493,491,495,499,500,499,500,499,497,496,498,495,495,497,498,499,504,505,511,509,505,504,494,492,484,479,468,458,448,440,439,429,422,415,407,399,392,380,368,352,337,323,307,295,277,267,257,240,230,220,205,193,188,175,164,155,139,126,112,100,87,73,62,48,36,27,16,8,-4,-14,-19,-28,-35,-40,-46,-56,-66,-73,-78,-85,-85,-92,-95,-97,-99,-97,-102,-100,-104,-112,-112,-115,-118,-120,-125,-126,-126,-125,-124,-114,-109,-101,-94,-88,-86,-82,-76,-77,-75,-78,-78,-85,-84,-90,-92,-95,-98,-95,-96,-96,-96,-92,-89,-91,-89,-92,-90,-94,-98,-101,-106,-112,-117,-126,-132,-136,-132,-134,-135,-136,-137,-141,-143,-146,-155,-164,-171,-179,-185,-194,-194,-200,-205,-210,-212,-210,-212,-213,-218,-225,-229,-237,-242,-249,-257,-266,-275,-278,-283,-281,-285,-285,-285,-289,-285,-284,-286,-289,-294,-300,-307,-314,-322,-333,-335,-342,-346,-349,-348,-351,-348,-345,-343,-347,-347,-350,-354,-361,-366,-372,-375,-385,-392,-392,-388,-377,-367,-359,-353,-345,-341,-331,-316,-311,-307,-305,-298,-292,-278,-264,-252,-241,-230,-214,-201,-181,-168,-152,-141,-126,-113,-97,-82,-64,-47,-29,-14,4,21,34,49,66,76,88,98,110,120,132,140,153,163,176,193,212,227,244,258,271,284,294,302,307,314,317,321,322,331,337,341,351,360,370,379,384,388,394,395,394,388,385,381,376,378,375,376,379,382,387,397,408,418,428,432,440,448,454,452,457,454,459,461,471,479,487,497,505,516,528,547,562,576,590,599,610,619,627,633,638,641,647,653,663,673,684,700,706,714,725,730,738,739,739,741,739,738,735,734,738,741,737,741,741,741,738,738,739,733,728,718,708,696,685,674,660,652,636,623,611,603,589,577,563,552,541,533,526,521,515,506,498,490,483,482,478,471,467,465,462,464,458,451,450,447,446,445,448,445,449,454,457,462,469,479,481,488,495,500,505,510,515,520,526,529,540,552,560,570,584,595,605,613,624,632,639,644,645,650,651,650,655,655,660,662,665,668,670,674,675,677,677,672,666,653,644,633,622,611,592,577,563,554,548,541,531,520,505,489,473,456,436,415,392,370,348,331,315,300,289,276,260,256,247,237,221,206,189,168,150,132,114,100,87,77,70,63,56,52,46,44,37,33,28,18,14,8,-1,-11,-19,-29,-35,-36,-38,-40,-40,-40,-43,-45,-47,-48,-50,-57,-61,-65,-73,-75,-77,-83,-86,-91,-88,-88,-83,-82,-77,-80,-80,-81,-84,-86,-92,-98,-108,-114,-119,-126,-129,-133,-139,-139,-140,-140,-138,-138,-138,-142,-144,-151,-154,-154,-158,-165,-169,-179,-180,-180,-181,-179,-181,-180,-178,-177,-180,-186,-190,-197,-204,-214,-219,-230,-236,-240,-239,-239,-237,-234,-234,-228,-221,-217,-214,-214,-219,-225,-228,-231,-228,-235,-237,-244,-243,-248,-247,-246,-247,-255,-259,-263,-269,-271,-271,-278,-282,-285,-285,-288,-292,-295,-297,-304,-304,-312,-314,-314,-318,-317,-320,-318,-316,-312,-306,-299,-294,-286,-280,-275,-270,-263,-258,-248,-245,-238,-230,-227,-216,-207,-199,-187,-180,-168,-159,-144,-133,-118,-102,-96,-81,-74,-67,-59,-49,-41,-39,-28,-21,-10,3,14,22,32,42,51,61,68,71,78,80,83,89,94,104,108,115,127,130,144,159,170,179,189,193,207,215,225,232,242,248,256,266,277,289,301,318,327,342,354,364,368,377,386,389,392,396,404,411,418,429,441,454,466,481,497,513,525,538,545,552,556,564,571,578,585,592,599,606,617,628,640,645,653,661,668,672,684,692,695,698,700,703,708,716,720,718,727,724,728,732,730,735,736,733,731,731,730,729,726,723,721,719,715,713,708,704,700,695,691,683,675,666,660,654,643,633,624,615,606,599,594,588,576,568,556,547,538,532,520,514,502,492,486,483,479,470,464,459,454,452,450,446,445,437,435,431,430,429,429,426,424,422,426,430,432,437,443,444,451,461,468,474,479,488,492,494,498,502,508,516,522,529,535,539,541,545,544,544,544,540,537,535,535,530,533,531,524,524,522,517,516,513,506,498,490,482,473,469,459,445,434,424,414,406,397,389,377,366,355,345,338,331,322,310,297,287,276,271,263,254,250,244,240,241,239,244,246,246,240,237,232,223,213,208,196,189,186,180,178,181,185,188,195,195,203,205,204,205,203,200,191,184,177,174,174,174,179,181,184,194,203,208,212,213,215,207,202,196,189,178,168,160,152,147,145,141,144,139,139,137,133,127,120,103,86,68,52,37,21,12,2,-6,-12,-15,-19,-27,-34,-42,-50,-64,-80,-96,-112,-129,-145,-161,-179,-187,-195,-199,-203,-204,-207,-207,-214,-222,-230,-236,-249,-263,-272,-283,-296,-304,-306,-313,-313,-314,-311,-307,-297,-293,-285,-283,-280,-281,-282,-281,-285,-288,-289,-288,-287,-281,-269,-261,-250,-244,-234,-224,-214,-204,-193,-188,-184,-177,-172,-160,-151,-135,-128,-121,-103,-91,-75,-61,-50,-42,-33,-25,-10,-2,12,22,35,49,62,81,96,112,126,142,151,165,174,180,190,200,204,207,213,220,224,231,241,251,256,265,271,278,284,288,292,292,292,292,290,291,296,301,303,309,314,322,327,334,335,335,333,332,326,319,319,313,306,306,306,313,317,327,329,330,335,339,336,333,323,314,299,283,271,262,256,251,250,247,250,258,266,273,279,279,280,279,276,274,271,267,259,256,257,263,274,286,299,315,331,348,364,370,381,385,387,386,390,391,392,397,410,421,432,444,461,476,494,505,514,522,523,527,525,527,527,529,531,530,537,542,546,556,562,565,566,566,567,566,563,556,547,538,534,529,527,527,525,521,521,525,527,525,520,516,508,501,496,485,477,473,470,465,471,475,477,481,493,499,503,506,508,511,512,513,517,517,520,521,531,536,548,560,574,582,592,600,606,615,616,616,616,614,618,618,622,629,629,633,640,650,665,676,684,692,692,695,694,695,692,687,679,676,672,674,674,674,675,674,670,669,668,657,643,624,611,595,582,565,552,538,528,518,507,496,488,478,468,455,440,428,413,395,382,364,352,335,323,312,298,291,284,279,275,271,265,259,257,253,250,244,238,231,225,222,218,215,216,211,209,206,199,198,195,193,189,183,180,173,171,172,169,164,160,159,163,167,169,170,170,170,166,163,159,151,151,146,143,137,134,132,129,123,116,110,108,104,98,90,90,81,75,68,60,55,46,35,27,20,9,-2,-9,-18,-25,-33,-38,-50,-60,-65,-75,-82,-89,-93,-101,-103,-103,-105,-105,-107,-108,-113,-119,-120,-128,-132,-142,-151,-162,-168,-174,-175,-176,-175,-173,-170,-164,-158,-154,-157,-160,-163,-169,-178,-180,-182,-191,-196,-199,-199,-197,-196,-191,-187,-184,-180,-176,-167,-167,-165,-166,-167,-168,-172,-173,-176,-178,-176,-178,-180,-176,-178,-173,-170,-166,-168,-167,-167,-172,-173,-171,-173,-176,-173,-173,-172,-166,-164,-160,-155,-155,-156,-156,-157,-161,-158,-164,-167,-173,-173,-173,-167,-165,-163,-164,-165,-167,-162,-162,-163,-163,-168,-170,-172,-178,-175,-176,-176,-180,-177,-175,-168,-161,-153,-153,-145,-144,-142,-139,-139,-142,-141,-142,-144,-139,-140,-135,-132,-123,-115,-108,-97,-92,-84,-77,-73,-70,-67,-63,-60,-53,-44,-39,-28,-20,-8,1,13,24,32,37,43,44,50,53,58,65,76,87,102,117,133,150,166,180,197,213,227,242,252,263,268,276,286,297,308,320,331,348,362,378,397,413,426,434,446,455,460,470,475,478,482,489,493,502,515,525,531,541,548,558,563,570,574,575,573,569,569,567,565,561,559,554,550,552,552,550,549,545,542,536,526,519,511,504,495,485,478,470,463,454,452,445,442,441,438,433,430,430,425,427,419,412,407,408,409,410,413,417,419,425,429,433,445,448,451,454,454,455,460,460,465,469,474,481,497,502,512,522,531,536,545,554,569,578,588,593,604,616,626,636,647,657,662,674,678,683,685,691,695,692,696,700,703,701,703,702,707,708,709,710,710,710,708,706,699,692,690,687,687,683,680,675,672,672,669,668,663,655,645,638,632,622,614,604,598,589,584,585,586,590,594,596,596,597,598,602,597,595,588,583,583,580,582,581,580,584,587,600,606,616,621,627,632,632,636,633,631,630,627,628,630,629,631,636,639,649,657,664,665,668,668,663,659,652,639,627,617,605,598,590,587,575,570,563,557,550,542,531,514,498,477,459,442,420,399,377,359,341,326,314,302,287,275,262,247,233,217,201,181,163,144,126,111,99,89,81,68,66,55,48,41,31,22,9,-1,-15,-29,-37,-49,-58,-69,-74,-72,-71,-70,-68,-66,-61,-67,-71,-70,-71,-72,-77,-78,-77,-77,-72,-69,-59,-51,-47,-44,-35,-35,-30,-27,-22,-18,-21,-22,-20,-20,-13,-5,4,7,10,7,6,4,-3,-11,-17,-23,-27,-36,-34,-53,-63,-74,-76,-73,-76,-82,-88,-96,-103,-115,-122,-131,-138,-145,-161,-176,-195,-206,-218,-224,-233,-240,-246,-253,-259,-265,-275,-279,-292,-304,-316,-324,-338,-349,-358,-369,-376,-381,-387,-388,-383,-384,-384,-383,-386,-393,-390,-390,-397,-399,-402,-403,-400,-394,-389,-379,-369,-357,-337,-321,-305,-288,-278,-267,-256,-246,-238,-231,-222,-216,-207,-193,-179,-164,-151,-129,-112,-95,-82,-65,-56,-48,-41,-36,-33,-29,-23,-16,-3,6,24,41,57,74,95,113,126,136,145,152,160,167,173,180,187,192,194,203,212,220,228,233,234,241,243,251,257,258,260,256,255,255,257,258,262,265,266,269,272,275,278,277,275,270,270,267,260,262,256,255,256,257,263,265,269,274,278,280,281,281,273,270,266,260,257,252,249,245,242,243,243,242,244,243,249,246,250,253,256,258,261,264,274,281,290,296,306,318,328,335,343,350,356,363,369,372,381,388,394,403,412,425,442,456,470,482,497,509,517,527,534,539,538,538,539,543,548,554,560,571,580,593,604,613,619,623,623,620,618,613,606,604,602,600,601,600,604,606,611,615,615,621,618,615,610,608,599,589,584,572,564,562,555,557,555,550,551,547,549,546,548,540,530,522,510,505,501,497,492,490,494,495,503,508,517,519,523,525,525,523,518,514,511,500,497,495,492,498,503,507,515,523,530,534,538,540,543,544,544,542,538,536,531,529,529,529,528,526,528,532,530,526,520,511,505,494,485,476,463,453,437,435,424,417,408,399,385,372,357,344,328,307,287,265,248,234,218,207,194,181,170,160,152,142,129,112,92,72,50,32,10,-11,-31,-43,-57,-68,-75,-85,-90,-98,-109,-115,-131,-142,-153,-164,-174,-187,-199,-207,-215,-218,-222,-217,-217,-217,-213,-211,-211,-206,-201,-203,-200,-207,-208,-208,-207,-206,-203,-204,-198,-193,-184,-174,-165,-155,-151,-147,-145,-143,-144,-145,-143,-146,-149,-147,-145,-140,-134,-131,-130,-125,-120,-113,-111,-109,-109,-113,-117,-119,-122,-124,-126,-124,-125,-120,-123,-114,-113,-106,-105,-107,-102,-108,-118,-119,-123,-127,-134,-134,-138,-134,-131,-123,-118,-117,-117,-117,-119,-119,-116,-117,-124,-123,-129,-131,-129,-122,-117,-110,-105,-102,-95,-91,-86,-85,-86,-91,-91,-95,-94,-92,-86,-82,-73,-69,-54,-41,-32,-20,-11,-3,3,9,8,9,13,15,19,25,31,39,48,57,67,78,90,99,108,116,124,127,129,133,129,127,127,133,139,145,150,162,173,181,195,207,213,218,220,223,221,222,224,222,223,225,229,239,246,257,264,268,275,282,287,291,297,293,290,288,286,284,287,288,295,297,301,302,303,303,302,298,291,284,278,273,263,262,257,255,254,255,258,266,270,276,279,280,278,273,270,268,263,264,257,258,259,261,273,282,292,299,304,310,318,323,327,333,333,334,336,343,354,365,377,388,402,412,425,436,446,453,464,469,472,476,478,482,487,489,495,501,505,510,522,527,535,542,549,552,557,558,560,563,559,555,548,546,543,546,547,546,542,544,545,539,539,537,528,518,512,507,500,497,491,487,481,478,474,474,472,469,466,459,444,437,423,414,402,392,387,379,379,381,384,388,390,395,403,413,414,417,423,421,423,427,428,431,439,449,455,468,482,494,507,520,531,542,553,560,567,570,575,584,592,597,610,624,635,652,671,688,701,713,715,721,723,721,725,720,719,720,720,721,727,730,734,736,736,733,732,727,714,707,695,680,668,656,645,629,617,603,594,589,576,569,561,549,537,527,516,501,486,472,460,441,423,412,395,387,373,365,359,351,348,344,339,337,332,328,320,314,305,299,298,292,284,282,274,272,267,265,264,260,253,251,247,245,250,248,249,250,254,261,266,274,282,288,288,297,298,304,305,307,302,297,292,289,287,283,278,275,271,267,270,266,265,255,248,237,226,215,198,183,168,154,144,133,121,116,110,103,96,89,81,71,61,50,42,29,18,9,0,-5,-11,-15,-20,-24,-29,-36,-43,-54,-62,-71,-87,-103,-113,-126,-136,-146,-155,-163,-171,-175,-179,-183,-187,-196,-202,-208,-215,-219,-226,-235,-242,-245,-251,-252,-253,-249,-248,-244,-243,-242,-235,-232,-230,-228,-228,-228,-234,-231,-234,-234,-235,-240,-238,-236,-227,-222,-217,-210,-207,-205,-202,-197,-191,-189,-186,-187,-188,-184,-184,-178,-176,-169,-164,-155,-151,-141,-132,-129,-123,-119,-116,-118,-117,-115,-114,-108,-104,-104,-99,-88,-80,-70,-61,-57,-56,-59,-62,-62,-65,-67,-74,-77,-79,-81,-79,-78,-75,-68,-65,-61,-56,-54,-52,-53,-55,-56,-57,-57,-56,-53,-50,-49,-47,-42,-40,-38,-37,-39,-41,-36,-39,-42,-39,-36,-32,-31,-32,-25,-22,-19,-15,-12,-12,-13,-12,-14,-18,-19,-20,-14,-12,-4,2,10,25,32,44,53,65,72,85,94,103,109,118,119,125,128,139,144,152,160,167,181,190,203,209,214,216,220,219,222,221,221,217,213,211,214,217,220,223,222,224,229,232,234,236,237,231,226,217,211,204,197,194,188,182,181,180,179,175,173,162,156,151,140,130,123,111,100,95,89,88,85,90,95,96,103,109,110,112,115,116,115,116,116,118,124,132,141,154,164,176,196,213,229,246,261,273,285,299,308,319,336,346,358,371,386,397,417,431,445,461,473,489,502,516,527,534,542,552,558,573,586,595,602,616,620,632,647,651,643,645,642,640,637,629,617,611,598,591,586,584,574,570,558,548,533,523,506,488,471,455,435,418,402,385,370,358,348,336,324,311,300,284,273,257,238,220,201,182,165,153,140,132,121,114,108,108,106,110,106,101,94,79,73,63,53,38,26,16,6,2,2,1,5,6,12,11,12,14,11,10,2,-5,-10,-10,-12,-10,-10,-7,-5,-2,2,5,1,0,-2,-12,-19,-24,-33,-36,-41,-45,-47,-50,-53,-49,-48,-45,-44,-47,-47,-48,-53,-55,-61,-64,-70,-76,-82,-85,-89,-88,-90,-91,-93,-92,-92,-95,-94,-98,-102,-106,-111,-117,-115,-120,-125,-126,-131,-130,-130,-125,-130,-132,-134,-140,-141,-144,-153,-157,-166,-169,-176,-179,-184,-185,-185,-187,-189,-187,-184,-184,-180,-177,-179,-183,-189,-193,-202,-208,-216,-222,-227,-228,-227,-232,-231,-231,-225,-225,-228,-230,-230,-237,-242,-246,-253,-259,-260,-263,-258,-254,-247,-241,-241,-232,-227,-226,-221,-221,-222,-223,-220,-217,-213,-208,-199,-195,-193,-187,-177,-170,-163,-159,-156,-152,-151,-148,-149,-150,-152,-152,-146,-135,-119,-101,-72,-43,-13,21,51,76,96,111,117,118,113,110,103,101,104,109,117,130,151,166,186,203,220,229,235,231,219,205,191,173,157,147,139,136,142,152,165,178,190,198,204,209,204,197,182,163,141,126,110,98,92,91,88,91,95,96,99,103,101,96,90,86,84,80,79,76,79,84,90,100,111,119,127,133,140,142,144,139,139,134,129,132,138,144,155,167,176,186,199,205,205,204,195,182,176,168,162,159,157,165,177,188,203,214,226,237,245,247,243,232,218,206,189,170,156,140,125,114,108,103,100,97,93,84,78,70,64,57,43,33,20,17,11,6,14,24,34,44,54,66,77,80,91,90,85,84,87,90,97,106,118,131,147,163,186,201,218,233,252,260,267,275,284,291,298,310,321,335,346,366,380,394,409,423,432,447,455,466,471,479,483,489,493,498,504,509,510,511,516,512,516,517,521,518,519,520,526,528,527,529,530,532,532,535,532,527,520,513,511,501,499,492,485,480,473,467,464,461,454,446,439,431,428,423,416,416,407,405,405,410,414,428,435,442,453,464,476,481,491,500,508,520,531,542,558,576,589,603,624,639,654,667,684,698,712,725,737,750,762,778,790,805,819,831,841,856,867,883,889,897,906,913,921,931,939,939,944,950,950,951,951,948,943,937,934,929,933,937,938,940,942,944,948,944,943,937,926,917,906,901,894,887,888,889,890,895,902,908,915,921,921,922,923,920,915,909,899,894,890,890,889,892,897,906,918,927,938,946,951,963,967,970,972,978,982,984,992,1001,1013,1024,1039,1049,1065,1082,1094,1106,1113,1119,1121,1128,1131,1135,1139,1140,1144,1146,1150,1155,1153,1155,1153,1148,1143,1141,1136,1130,1121,1109,1099,1092,1085,1077,1069,1056,1050,1037,1032,1028,1016,1009,997,985,973,962,950,936,922,907,893,877,864,855,842,829,816,801,787,768,748,734,715,696,679,660,643,628,616,603,590,575,559,541,520,498,476,452,425,399,366,343,319,299,279,257,241,222,208,189,167,146,118,90,59,31,-4,-35,-67,-100,-131,-157,-179,-200,-224,-243,-266,-293,-318,-344,-369,-397,-427,-456,-487,-513,-540,-565,-595,-620,-647,-672,-698,-718,-747,-774,-805,-838,-867,-895,-924,-949,-974,-994,-1014,-1034,-1051,-1067,-1085,-1100,-1119,-1140,-1158,-1178,-1195,-1214,-1230,-1246,-1261,-1277,-1290,-1302,-1312,-1323,-1336,-1349,-1364,-1373,-1385,-1395,-1404,-1416,-1431,-1444,-1456,-1468,-1476,-1483,-1493,-1503,-1513,-1519,-1523,-1528,-1536,-1538,-1543,-1547,-1554,-1558,-1562,-1569,-1578,-1586,-1594,-1604,-1606,-1612,-1612,-1607,-1610,-1606,-1603,-1595,-1590,-1585,-1577,-1574,-1574,-1571,-1568,-1573,-1574,-1574,-1577,-1577,-1572,-1567,-1559,-1549,-1531,-1521,-1507,-1494,-1484,-1473,-1469,-1461,-1453,-1451,-1445,-1445,-1439,-1432,-1415,-1399,-1379,-1356,-1334,-1307,-1282,-1258,-1237,-1219,-1209,-1197,-1183,-1169,-1159,-1142,-1131,-1119,-1105,-1088,-1074,-1056,-1038,-1026,-1012,-1002,-987,-972,-955,-943,-928,-912,-894,-879,-859,-843,-825,-812,-794,-782,-767,-755,-748,-739,-731,-722,-713,-703,-690,-679,-662,-648,-636,-619,-604,-589,-577,-567,-558,-547,-537,-524,-514,-502,-487,-472,-453,-437,-415,-391,-367,-346,-322,-298,-281,-264,-246,-225,-206,-186,-162,-145,-116,-88,-56,-24,11,37,71,99,125,149,173,193,210,232,255,282,316,349,386,421,460,499,536,575,606,632,653,669,683,699,715,729,742,758,782,806,837,870,900,930,956,976,994,1012,1021,1027,1026,1028,1030,1030,1037,1042,1056,1074,1096,1120,1144,1161,1182,1195,1207,1213,1218,1216,1213,1209,1209,1207,1209,1214,1218,1227,1239,1256,1274,1292,1303,1316,1326,1338,1349,1358,1362,1368,1371,1376,1378,1385,1395,1398,1404,1412,1423,1437,1451,1461,1471,1476,1482,1485,1487,1489,1489,1482,1478,1472,1471,1471,1472,1474,1474,1480,1484,1489,1490,1486,1484,1469,1460,1450,1438,1424,1409,1392,1375,1356,1337,1320,1300,1279,1259,1234,1210,1183,1158,1133,1104,1079,1050,1020,994,967,936,905,872,840,811,778,749,720,688,661,634,605,578,549,522,490,460,429,393,357,318,281,244,210,175,143,113,87,64,43,22,2,-22,-45,-65,-89,-111,-140,-164,-198,-223,-254,-278,-298,-317,-336,-354,-367,-381,-393,-404,-420,-438,-458,-482,-504,-527,-549,-572,-592,-614,-631,-646,-659,-672,-683,-696,-710,-720,-736,-751,-768,-787,-810,-830,-851,-870,-899,-914,-937,-956,-970,-981,-991,-997,-1000,-1007,-1015,-1023,-1037,-1051,-1069,-1090,-1113,-1139,-1164,-1189,-1214,-1235,-1251,-1267,-1280,-1289,-1296,-1301,-1311,-1319,-1330,-1349,-1367,-1390,-1415,-1438,-1462,-1484,-1505,-1522,-1535,-1540,-1545,-1546,-1545,-1545,-1548,-1547,-1553,-1558,-1565,-1577,-1586,-1596,-1605,-1615,-1622,-1628,-1627,-1626,-1619,-1614,-1614,-1608,-1599,-1591,-1584,-1591,-1594,-1595,-1596,-1601,-1602,-1599,-1600,-1596,-1591,-1579,-1574,-1566,-1554,-1545,-1537,-1528,-1518,-1508,-1500,-1492,-1483,-1475,-1461,-1446,-1432,-1414,-1397,-1378,-1362,-1349,-1327,-1313,-1292,-1271,-1252,-1232,-1211,-1194,-1174,-1156,-1135,-1117,-1100,-1083,-1064,-1044,-1025,-1007,-989,-969,-951,-928,-906,-885,-859,-837,-817,-792,-774,-748,-726,-700,-677,-658,-643,-626,-605,-586,-569,-546,-524,-503,-481,-458,-435,-412,-391,-368,-345,-325,-301,-282,-265,-255,-242,-229,-218,-198,-174,-156,-136,-106,-78,-48,-15,12,40,61,85,111,132,151,175,193,209,232,257,285,316,350,386,422,455,493,531,562,593,613,634,655,675,698,719,745,770,799,831,868,904,942,980,1014,1046,1072,1103,1125,1144,1164,1180,1196,1216,1239,1260,1288,1310,1340,1369,1392,1416,1434,1454,1470,1478,1483,1489,1491,1492,1493,1492,1489,1490,1490,1489,1487,1488,1488,1491,1490,1485,1478,1469,1460,1445,1434,1417,1404,1387,1376,1365,1355,1346,1337,1328,1322,1317,1310,1306,1299,1289,1279,1272,1260,1251,1245,1241,1230,1228,1223,1222,1223,1222,1220,1216,1217,1218,1219,1227,1230,1235,1239,1246,1253,1262,1269,1281,1287,1291,1296,1304,1310,1318,1322,1329,1335,1334,1346,1361,1373,1385,1395,1397,1397,1400,1407,1413,1408,1396,1389,1385,1381,1381,1376,1372,1367,1363,1361,1361,1358,1349,1339,1326,1311,1293,1276,1257,1239,1221,1204,1184,1173,1160,1149,1139,1129,1113,1102,1084,1066,1048,1029,1007,986,964,945,920,901,887,870,853,841,825,811,794,778,763,749,733,714,696,679,666,650,643,630,616,605,599,590,585,580,574,567,553,546,536,528,518,507,493,481,473,466,457,455,451,451,445,445,447,444,440,438,431,423,412,404,396,391,383,379,373,370,376,373,375,378,372,368,365,361,353,346,337,328,317,308,304,295,283,280,269,262,256,245,235,223,213,199,189,169,151,133,120,106,94,84,73,61,50,41,30,16,6,-10,-24,-36,-46,-56,-67,-81,-89,-102,-108,-116,-125,-133,-144,-149,-154,-162,-166,-175,-181,-190,-195,-197,-199,-197,-200,-196,-199,-197,-197,-191,-186,-181,-175,-165,-155,-146,-132,-120,-110,-99,-87,-79,-71,-62,-57,-47,-39,-28,-18,-6,6,21,32,38,48,62,66,78,89,102,114,127,140,153,166,175,190,204,214,221,229,233,237,246,257,265,275,283,289,303,320,335,349,360,376,387,397,411,422,431,437,442,455,468,481,493,511,520,530,548,559,566,575,580,582,581,586,588,588,594,599,611,621,635,649,665,682,697,710,721,728,729,734,739,745,754,760,771,782,801,816,836,853,871,884,892,910,921,932,937,940,946,951,956,965,971,983,994,1004,1018,1032,1045,1058,1071,1084,1096,1109,1115,1126,1133,1139,1143,1151,1158,1165,1172,1180,1188,1198,1203,1210,1212,1210,1207,1204,1194,1188,1180,1168,1159,1154,1149,1146,1143,1140,1138,1133,1127,1123,1117,1102,1087,1075,1064,1053,1047,1038,1033,1026,1028,1025,1030,1031,1027,1022,1016,1007,998,990,982,971,959,952,947,944,945,944,941,938,942,943,946,942,941,934,930,924,920,915,916,914,917,921,927,938,943,950,951,951,951,953,946,941,940,936,934,930,933,931,935,939,942,948,948,946,944,941,936,933,930,925,918,914,910,910,908,903,900,897,896,896,900,899,901,899,904,906,908,911,912,909,909,907,906,911,910,914,916,919,923,927,928,932,929,926,921,921,922,921,920,922,920,924,931,934,941,943,943,941,941,934,928,918,909,904,901,900,901,907,914,917,922,924,931,929,929,925,924,914,906,905,896,891,888,887,884,885,890,890,888,890,882,881,874,858,848,836,822,806,797,788,777,769,761,753,753,744,731,719,707,696,683,672,659,645,635,628,622,619,611,603,593,581,572,560,549,530,514,500,486,475,462,452,442,430,421,408,401,390,376,365,357,350,343,338,325,320,310,303,292,283,272,261,252,241,232,226,222,212,207,202,194,190,186,176,172,163,153,146,138,131,122,118,115,111,103,98,92,84,81,76,74,72,66,67,68,75,81,92,101,108,115,124,134,138,144,147,150,154,156,165,177,188,197,214,227,243,261,279,295,309,320,332,342,351,359,365,374,386,393,410,427,441,455,472,481,493,509,516,526,531,533,538,545,547,553,563,572,583,595,599,610,617,624,628,627,629,627,628,624,626,624,622,622,619,619,617,613,605,602,590,583,574,566,558,548,536,525,519,513,505,503,492,489,487,489,488,495,491,490,484,485,481,479,474,466,459,458,452,454,456,457,460,464,466,473,479,482,484,479,476,470,470,474,474,478,482,490,500,512,520,526,531,534,537,543,545,545,547,548,547,550,555,559,564,568,572,574,579,578,575,569,562,552,544,532,522,507,499,490,484,478,476,472,465,460,452,447,434,423,414,400,388,380,371,360,352,348,344,347,346,344,339,336,334,331,331,324,316,314,312,313,312,319,321,326,330,330,337,342,351,355,364,372,378,387,402,410,420,426,433,444,457,465,476,486,494,510,523,535,551,563,575,583,590,600,606,612,621,626,636,644,655,665,676,680,682,689,688,686,690,682,674,669,666,660,653,649,643,638,637,633,628,622,618,607,598,592,582,573,564,554,549,539,532,520,513,498,486,473,454,438,420,404,390,374,361,347,335,329,318,314,307,297,286,272,264,251,242,227,217,198,189,179,171,168,167,160,157,151,146,142,135,128,113,105,88,78,71,61,51,43,35,25,25,20,12,8,-7,-16,-26,-39,-51,-61,-74,-86,-95,-106,-117,-125,-131,-140,-148,-153,-156,-159,-161,-164,-166,-167,-173,-184,-192,-197,-205,-211,-225,-242,-251,-257,-259,-261,-260,-266,-266,-268,-269,-272,-278,-286,-294,-305,-313,-323,-327,-330,-329,-331,-325,-322,-311,-305,-294,-293,-289,-286,-290,-292,-293,-297,-300,-306,-310,-307,-303,-297,-293,-288,-286,-288,-286,-287,-286,-290,-295,-300,-305,-311,-312,-313,-315,-319,-320,-320,-324,-324,-331,-335,-339,-347,-352,-353,-356,-355,-355,-359,-356,-349,-352,-355,-356,-356,-366,-369,-372,-379,-383,-383,-383,-381,-376,-373,-374,-368,-371,-377,-380,-383,-396,-406,-415,-422,-429,-434,-438,-435,-433,-427,-423,-424,-420,-418,-418,-412,-415,-421,-424,-426,-428,-427,-425,-422,-423,-421,-420,-420,-417,-415,-409,-407,-405,-403,-399,-395,-390,-386,-387,-385,-384,-389,-389,-384,-384,-383,-379,-373,-366,-353,-340,-328,-316,-311,-301,-296,-286,-277,-272,-267,-263,-255,-244,-229,-213,-196,-179,-159,-135,-108,-89,-69,-52,-42,-30,-18,-9,-2,12,22,35,57,71,86,104,128,145,165,186,197,211,225,238,251,263,276,291,306,324,338,358,369,381,393,403,413,420,433,440,443,451,460,466,475,484,490,495,499,502,505,507,505,502,505,503,508,510,513,512,507,504,499,499,497,496,491,487,491,495,499,506,512,519,524,531,538,550,551,555,560,559,566,572,577,586,594,596,605,616,621,629,635,637,643,644,653,661,664,671,673,680,686,692,699,704,708,710,708,710,713,715,718,723,728,733,736,740,740,740,740,741,739,734,729,725,721,720,715,713,709,707,704,702,705,699,693,684,677,662,650,640,630,615,597,586,572,561,556,544,530,517,502,488,478,462,445,430,414,403,394,387,382,377,370,364,362,357,352,344,334,325,320,312,305,302,296,293,292,294,296,294,289,289,283,277,272,266,262,259,255,255,254,254,254,252,255,255,256,253,252,247,244,238,234,226,221,215,206,204,200,199,192,182,176,168,160,156,148,143,131,122,109,102,87,73,53,37,15,-2,-18,-30,-45,-58,-76,-88,-105,-114,-128,-142,-160,-175,-191,-210,-229,-246,-257,-272,-287,-298,-307,-314,-325,-332,-342,-348,-363,-374,-388,-402,-417,-433,-443,-455,-462,-471,-471,-473,-470,-469,-470,-470,-469,-473,-478,-482,-488,-494,-503,-506,-507,-510,-510,-511,-508,-501,-492,-482,-473,-467,-456,-450,-440,-434,-422,-411,-406,-400,-392,-387,-383,-377,-369,-371,-368,-365,-359,-354,-349,-341,-342,-343,-340,-339,-337,-341,-343,-353,-363,-367,-371,-374,-377,-377,-381,-382,-378,-378,-373,-374,-379,-383,-389,-398,-398,-406,-407,-413,-415,-414,-415,-413,-409,-410,-415,-418,-422,-427,-433,-440,-445,-449,-451,-452,-452,-451,-449,-444,-441,-436,-433,-432,-434,-436,-435,-434,-437,-433,-431,-429,-419,-411,-407,-401,-394,-394,-390,-390,-391,-388,-391,-393,-393,-386,-378,-374,-364,-355,-345,-336,-329,-321,-315,-316,-318,-323,-323,-325,-319,-315,-310,-302,-287,-274,-257,-239,-222,-209,-199,-187,-176,-165,-156,-148,-139,-131,-113,-92,-72,-50,-27,-4,19,38,61,79,104,118,141,157,176,193,213,231,243,258,277,295,310,329,347,362,377,394,413,427,443,457,469,478,481,490,493,501,507,515,524,533,541,548,560,570,578,585,588,590,590,590,588,589,588,586,589,593,599,605,611,613,617,618,620,615,614,609,606,600,602,608,611,619,627,634,644,653,662,673,680,682,687,694,700,712,724,732,742,754,765,784,793,803,812,815,820,827,831,837,842,848,851,864,873,889,903,915,927,932,939,936,936,931,929,926,919,917,914,916,915,919,920,924,925,921,917,909,899,887,870,851,831,813,798,787,772,761,748,736,727,713,703,690,674,655,637,618,603,587,571,552,536,522,507,495,481,469,456,443,431,425,418,410,401,392,384,379,370,361,354,345,338,331,330,327,329,328,330,330,334,341,348,354,358,364,365,370,372,378,378,387,391,402,415,430,445,456,470,477,486,497,505,510,513,513,512,515,516,517,517,519,525,525,528,528,527,525,521,514,503,496,488,477,470,463,455,444,433,418,406,396,378,365,345,325,305,291,273,260,246,227,208,194,173,154,135,111,88,66,41,24,4,-10,-26,-41,-54,-66,-78,-89,-101,-119,-143,-164,-185,-205,-219,-237,-250,-261,-275,-282,-288,-297,-299,-305,-315,-324,-327,-335,-338,-341,-347,-352,-352,-352,-352,-351,-348,-348,-348,-346,-342,-343,-342,-338,-339,-337,-330,-328,-327,-326,-320,-324,-322,-320,-320,-320,-320,-316,-312,-309,-303,-299,-293,-286,-281,-278,-280,-280,-283,-283,-285,-289,-293,-301,-303,-305,-308,-305,-305,-303,-303,-305,-304,-306,-305,-309,-317,-325,-332,-334,-335,-332,-331,-334,-328,-331,-329,-329,-330,-334,-342,-345,-352,-353,-359,-356,-357,-358,-353,-345,-339,-329,-321,-312,-307,-305,-299,-298,-290,-288,-279,-273,-263,-248,-237,-225,-214,-197,-187,-174,-162,-148,-137,-123,-110,-100,-82,-67,-53,-35,-21,-8,3,15,30,35,46,58,73,87,106,122,139,158,176,196,210,220,228,236,242,249,254,258,263,272,283,294,309,319,332,340,350,356,366,370,373,373,372,369,373,371,376,373,368,371,370,373,372,373,373,366,366,361,362,363,362,365,362,362,361,358,356,351,345,336,326,319,314,308,302,299,292,291,288,288,289,293,290,288,283,282,279,277,278,277,276,284,290,296,302,314,320,327,335,335,341,347,352,359,363,371,378,389,404,416,434,446,458,467,473,481,492,500,511,517,529,542,555,569,587,598,616,627,642,658,672,687,696,709,718,730,740,755,764,772,780,789,794,805,815,823,833,841,854,863,875,884,893,892,887,888,893,895,894,889,881,875,869,867,869,861,858,844,840,834,823,815,806,801,783,767,761,760,751,744,735,725,723,719,719,711,703,686,670,660,648,632,629,616,612,616,619,624,628,623,621,620,617,616,606,594,582,571,557,551,547,544,544,544,553,555,558,557,553,554,552,555,541,532,523,514,518,515,516,510,511,510,517,519,512,506,504,497,491,483,471,454,445,428,411,395,383,364,351,332,315,297,280,266,251,235,222,207,192,179,163,149,133,122,103,90,75,62,50,33,22,6,-10,-23,-36,-49,-59,-67,-79,-87,-93,-98,-97,-102,-102,-103,-108,-108,-113,-119,-123,-132,-138,-144,-152,-157,-160,-157,-156,-147,-142,-139,-132,-125,-118,-117,-115,-115,-117,-119,-118,-117,-115,-109,-102,-102,-84,-68,-56,-38,-31,-20,-21,-17,-18,-21,-26,-30,-36,-38,-41,-36,-33,-25,-22,-20,-18,-13,-19,-22,-24,-37,-46,-60,-65,-71,-73,-73,-72,-73,-73,-68,-66,-64,-63,-66,-68,-74,-81,-90,-99,-106,-112,-120,-127,-132,-139,-143,-146,-149,-153,-154,-157,-163,-163,-166,-168,-174,-181,-187,-198,-205,-216,-222,-227,-231,-231,-236,-235,-230,-228,-232,-229,-233,-233,-237,-238,-235,-238,-243,-242,-243,-236,-229,-220,-213,-204,-194,-189,-185,-179,-178,-174,-180,-180,-180,-174,-171,-162,-159,-151,-139,-127,-116,-107,-97,-91,-87,-82,-79,-78,-73,-67,-60,-54,-41,-31,-17,-3,9,15,20,25,26,23,17,9,2,-5,-4,-6,-5,-2,0,4,7,6,6,5,1,-2,-7,-11,-16,-21,-19,-20,-21,-14,-13,-11,-10,-4,-1,-1,-1,-1,-6,-6,-7,-2,2,10,15,18,26,33,45,55,63,65,72,79,88,96,103,107,112,116,124,129,136,138,140,147,151,162,171,182,193,201,209,218,227,238,248,255,259,268,280,291,300,317,328,342,351,370,380,392,399,407,411,413,421,419,421,426,430,433,440,452,461,469,478,485,489,494,496,493,487,487,480,475,472,470,471,470,471,474,472,478,472,470,465,459,450,442,432,420,411,404,396,395,394,390,391,390,394,394,390,383,375,368,360,353,348,344,341,336,335,340,341,352,359,362,369,373,376,387,393,394,397,398,401,404,409,416,420,430,433,440,448,458,470,479,485,491,496,500,501,503,508,509,512,518,526,540,554,565,577,588,598,609,616,617,619,618,613,614,607,603,604,603,605,607,607,607,605,603,598,590,579,567,548,536,520,506,489,477,467,454,446,439,434,422,414,399,387,371,355,337,317,297,278,261,248,236,227,214,204,194,190,185,177,167,158,147,134,122,118,109,104,95,88,86,84,83,82,75,67,61,55,51,49,47,45,43,40,46,46,51,55,55,56,52,54,54,57,54,57,58,59,62,64,64,66,65,67,68,66,67,66,65,65,62,59,51,47,39,34,26,21,15,4,-4,-10,-12,-18,-24,-28,-35,-35,-41,-47,-55,-62,-69,-78,-85,-92,-95,-95,-98,-102,-104,-101,-104,-105,-106,-112,-124,-129,-138,-146,-151,-156,-163,-164,-168,-165,-160,-153,-150,-140,-137,-135,-134,-132,-132,-140,-147,-151,-157,-155,-153,-148,-140,-131,-120,-111,-98,-87,-81,-76,-75,-75,-73,-74,-70,-76,-73,-74,-65,-61,-50,-37,-23,-16,-4,5,12,17,22,25,25,29,30,34,35,38,45,48,54,61,67,73,79,86,92,98,101,102,102,104,104,108,104,103,102,102,106,109,115,120,121,120,121,118,118,114,112,106,100,99,91,93,91,87,86,85,84,83,87,89,81,78,74,66,63,58,55,53,51,49,47,48,49,47,49,47,51,50,53,52,57,60,60,62,67,71,72,78,75,79,78,76,78,81,83,87,90,99,104,111,119,128,137,146,154,155,162,161,161,163,161,161,156,161,164,171,176,184,187,199,204,209,215,217,217,208,204,197,198,193,194,194,192,197,199,207,211,215,220,220,216,218,216,211,209,206,195,196,192,190,190,193,195,202,206,212,216,221,226,230,234,233,237,236,233,234,238,233,234,238,242,251,260,266,276,283,286,289,292,293,295,294,297,295,295,305,312,319,327,338,351,360,371,385,393,398,408,410,412,419,430,433,439,446,450,458,466,474,482,485,495,495,500,505,504,509,507,504,507,505,508,509,510,510,511,516,516,518,520,515,512,509,504,494,489,483,477,469,471,467,464,465,462,461,459,456,453,446,442,437,431,426,417,403,398,387,380,376,371,368,360,357,353,348,349,346,341,338,337,337,336,339,341,341,343,346,347,357,359,363,363,362,362,362,362,361,360,359,362,364,370,373,377,377,378,379,379,377,368,364,356,348,341,342,343,346,347,354,358,365,370,372,370,372,365,358,359,351,347,343,339,337,338,335,336,338,339,343,341,338,335,328,328,322,316,313,310,302,301,300,292,291,294,291,285,286,282,279,280,278,272,270,268,266,268,268,269,272,271,272,275,276,277,276,268,262,244,234,230,224,221,213,208,200,196,198,200,198,196,193,192,188,186,180,176,168,155,148,141,131,127,121,121,116,119,113,110,107,106,102,101,101,92,85,81,73,66,62,59,54,56,56,57,64,64,68,62,61,58,56,48,43,35,30,27,28,28,35,40,42,44,45,50,51,45,43,38,34,25,21,17,16,17,16,18,21,22,23,22,20,14,7,0,-9,-19,-28,-40,-45,-51,-61,-61,-71,-71,-73,-77,-75,-75,-74,-75,-71,-71,-76,-78,-84,-89,-95,-95,-95,-98,-97,-104,-105,-108,-107,-105,-113,-115,-120,-124,-130,-124,-119,-118,-123,-121,-118,-110,-101,-103,-103,-104,-100,-98,-92,-90,-88,-88,-85,-81,-71,-63,-58,-48,-40,-39,-31,-23,-8,3,8,10,13,15,22,26,29,37,42,44,39,50,52,61,69,79,82,82,82,85,87,96,101,109,119,127,136,144,153,163,167,172,175,177,177,177,185,185,185,190,195,206,217,227,245,250,258,263,263,263,265,269,266,269,270,272,278,288,298,305,313,328,338,352,364,371,378,377,381,386,390,397,407,412,422,430,443,456,470,479,490,499,510,519,528,533,536,536,539,544,551,554,561,572,577,583,595,601,606,610,616,619,618,622,618,616,614,616,612,616,616,614,614,612,611,610,609,601,596,588,579,569,560,546,529,518,505,494,484,480,471,465,458,454,450,446,443,435,429,420,415,410,405,401,392,389,380,384,383,388,389,394,393,397,398,406,403,411,412,415,418,425,435,441,447,454,461,467,473,478,479,481,483,480,481,478,479,480,483,480,483,487,489,488,494,498,497,500,502,497,494,495,494,495,492,487,484,485,483,484,484,479,476,471,470,467,459,453,445,430,419,411,402,397,393,387,378,372,369,367,360,355,349,343,336,330,330,322,317,311,310,303,303,302,296,291,284,280,274,271,266,261,257,249,246,245,241,239,239,241,238,238,237,238,236,232,228,222,216,206,202,193,187,182,177,173,173,169,167,165,163,163,154,150,142,138,131,122,116,107,100,93,92,88,83,74,65,56,45,40,36,26,13,4,-3,-13,-20,-23,-32,-42,-48,-52,-60,-64,-73,-78,-88,-98,-108,-118,-126,-142,-149,-166,-176,-191,-197,-202,-207,-214,-219,-225,-230,-234,-239,-248,-254,-265,-276,-284,-292,-302,-310,-316,-324,-327,-327,-330,-329,-327,-326,-324,-323,-326,-333,-333,-334,-336,-331,-330,-326,-322,-316,-310,-300,-294,-286,-279,-272,-267,-258,-256,-254,-254,-247,-244,-240,-233,-225,-222,-213,-210,-201,-196,-188,-181,-176,-165,-161,-152,-140,-130,-118,-109,-96,-83,-65,-49,-32,-16,-2,8,14,26,38,48,56,71,79,92,107,120,129,141,149,156,165,173,175,182,185,188,195,202,211,216,225,232,240,249,254,265,272,274,284,288,292,295,299,295,302,299,304,308,308,308,312,316,324,329,335,334,343,349,356,364,368,371,372,377,376,381,391,398,402,410,417,427,436,444,450,459,467,471,480,490,500,511,519,530,541,557,573,588,606,616,626,634,643,649,655,662,665,673,679,689,697,706,717,730,737,747,756,766,771,778,785,787,787,786,785,786,784,786,788,784,785,786,785,785,787,784,774,770,757,752,748,739,731,722,717,707,700,689,681,666,657,641,630,621,611,599,591,577,572,561,561,557,552,549,544,540,539,533,530,526,522,520,524,529,534,536,540,541,547,556,564,569,576,582,590,594,602,609,611,622,626,633,637,639,644,650,657,662,667,672,677,678,686,689,691,690,692,689,681,684,684,684,684,679,676,670,660,654,649,633,619,600,584,564,550,531,508,485,466,445,431,410,392,372,347,322,300,277,252,222,192,162,138,115,90,67,51,36,20,7,-6,-16,-31,-43,-57,-73,-87,-104,-121,-135,-143,-155,-163,-171,-175,-177,-179,-179,-176,-176,-176,-176,-182,-177,-180,-177,-173,-174,-171,-169,-160,-148,-138,-133,-125,-115,-110,-98,-86,-78,-74,-68,-66,-60,-59,-49,-42,-37,-36,-31,-26,-20,-12,-11,-3,5,5,13,14,15,13,10,4,3,-1,-7,-8,-13,-16,-20,-18,-19,-20,-24,-27,-35,-41,-50,-60,-70,-83,-93,-105,-114,-123,-132,-138,-142,-150,-156,-158,-162,-163,-169,-174,-179,-184,-193,-201,-208,-214,-219,-227,-231,-237,-244,-247,-252,-253,-259,-266,-272,-276,-277,-279,-275,-267,-268,-262,-258,-253,-243,-238,-232,-229,-228,-226,-220,-218,-215,-209,-201,-194,-185,-171,-157,-146,-134,-124,-116,-108,-104,-97,-95,-88,-87,-82,-75,-63,-56,-46,-34,-24,-18,-6,-3,2,7,13,20,25,30,36,43,55,63,71,82,89,97,107,116,121,127,132,136,136,137,141,144,145,143,143,140,146,149,154,159,163,166,171,178,186,191,192,192,193,192,192,194,195,190,190,190,195,201,208,213,218,220,220,228,230,232,232,234,234,237,242,241,246,251,254,260,266,279,285,291,299,305,309,317,316,325,329,339,348,360,369,379,389,404,410,413,424,439,455,469,483,500,511,525,548,562,577,590,605,612,619,625,629,633,638,646,650,656,662,670,682,694,703,707,708,709,709,705,704,696,690,684,680,676,674,672,670,665,657,647,638,630,618,606,591,571,559,544,525,510,493,476,462,448,430,414,401,386,368,350,335,317,301,290,276,261,248,234,223,205,196,184,179,171,164,163,162,162,161,161,157,154,154,151,152,152,152,150,153,159,165,175,187,194,206,217,226,239,248,255,260,261,268,267,272,277,282,288,291,298,307,319,329,338,343,350,353,356,353,352,352,348,347,346,343,345,343,342,342,340,337,328,324,315,308,300,290,282,272,263,256,250,242,232,219,205,193,179,166,154,139,125,113,104,97,89,81,70,62,53,45,39,31,21,13,5,-1,-5,-6,-10,-11,-14,-18,-21,-25,-28,-29,-33,-36,-39,-35,-36,-35,-35,-36,-36,-35,-32,-31,-33,-27,-23,-20,-11,-4,0,6,17,21,23,28,32,33,31,30,30,31,36,35,43,51,61,72,78,87,93,98,101,104,108,104,101,96,95,88,92,92,90,92,90,89,88,86,81,72,63,55,46,37,27,17,7,0,-5,0,-1,-1,-3,-8,-10,-4,-6,-18,-29,-36,-40,-48,-58,-63,-69,-78,-74,-80,-80,-74,-80,-87,-95,-104,-119,-117,-125,-128,-128,-121,-118,-128,-125,-121,-118,-108,-99,-95,-88,-79,-77,-71,-65,-57,-45,-38,-28,-19,-11,1,13,29,41,58,69,86,103,117,132,145,156,168,176,188,198,207,218,235,249,265,285,298,310,325,336,349,359,372,378,384,390,398,405,413,424,434,444,459,472,485,499,506,516,524,534,542,545,551,553,558,559,564,562,564,566,565,570,568,568,563,556,548,546,539,533,523,515,508,500,495,490,477,465,455,440,425,413,391,372,351,338,323,313,303,294,286,273,271,263,262,254,246,237,228,217,211,207,199,196,189,184,189,193,193,194,195,196,195,196,197,195,198,201,202,210,213,217,223,230,234,243,252,254,264,272,280,285,294,296,301,303,312,313,315,320,323,326,332,334,337,342,343,343,346,347,348,349,343,341,337,331,327,324,320,310,307,301,299,294,290,282,274,263,256,244,236,230,215,201,196,185,179,172,163,156,147,134,130,122,116,104,99,93,81,80,77,74,77,79,85,89,93,100,109,112,119,121,126,131,140,151,160,169,179,195,212,225,239,260,273,287,300,307,320,330,342,357,369,385,399,416,434,453,474,488,501,513,529,544,555,568,572,576,583,587,590,595,597,594,596,598,601,604,611,608,611,610,613,610,607,601,593,582,574,564,555,545,539,532,527,524,523,521,518,521,516,510,504,494,482,474,466,458,450,444,440,437,437,440,441,441,439,441,438,434,432,430,422,416,411,409,405,408,409,410,412,414,419,425,432,438,437,442,443,448,459,468,477,484,496,505,521,528,543,555,559,567,573,582,591,595,608,620,629,644,658,670,688,703,713,724,734,744,756,760,767,775,784,795,803,813,824,832,843,852,859,867,873,884,896,900,906,914,914,924,927,935,936,938,941,947,948,956,962,965,963,969,974,979,983,984,984,980,977,974,976,975,972,972,969,972,973,974,973,975,973,970,969,969,966,968,968,968,968,973,978,981,982,982,981,981,978,976,967,962,954,946,942,938,929,929,930,927,927,930,927,922,922,921,914,906,897,884,877,868,863,858,851,846,842,838,831,822,812,799,781,762,742,729,710,688,672,655,639,629,621,610,596,581,559,540,518,492,461,435,405,379,354,331,313,294,278,261,239,220,200,176,155,131,101,72,43,13,-11,-35,-60,-81,-104,-121,-144,-164,-186,-209,-232,-259,-283,-307,-333,-358,-379,-401,-423,-443,-460,-475,-491,-501,-511,-527,-543,-556,-572,-588,-601,-617,-637,-652,-665,-676,-687,-691,-700,-701,-703,-701,-706,-713,-718,-728,-740,-755,-769,-784,-796,-805,-819,-829,-834,-841,-843,-849,-850,-849,-856,-863,-872,-880,-892,-906,-915,-930,-940,-950,-959,-961,-966,-966,-965,-967,-967,-970,-971,-980,-984,-993,-1005,-1017,-1027,-1038,-1049,-1054,-1058,-1068,-1073,-1073,-1076,-1079,-1087,-1093,-1105,-1115,-1125,-1133,-1147,-1155,-1164,-1169,-1170,-1173,-1168,-1168,-1165,-1160,-1157,-1157,-1153,-1147,-1149,-1149,-1148,-1146,-1137,-1135,-1130,-1122,-1114,-1107,-1098,-1089,-1081,-1070,-1060,-1053,-1046,-1036,-1030,-1018,-1015,-994,-982,-970,-959,-950,-937,-925,-908,-892,-871,-860,-842,-815,-798,-779,-767,-752,-737,-719,-711,-698,-675,-653,-641,-625,-609,-593,-571,-552,-534,-521,-509,-498,-489,-482,-470,-465,-456,-451,-440,-434,-419,-406,-396,-385,-373,-359,-349,-341,-330,-323,-314,-310,-300,-291,-280,-264,-251,-238,-218,-198,-183,-167,-150,-137,-122,-112,-97,-89,-79,-65,-55,-39,-22,-2,18,40,63,82,104,121,137,152,163,177,188,202,216,227,243,263,286,308,329,350,373,395,413,435,453,468,483,495,512,535,552,569,591,606,625,649,670,692,706,727,748,768,789,805,820,836,846,856,875,884,890,895,908,924,939,958,975,991,1012,1025,1038,1047,1056,1057,1064,1072,1077,1085,1089,1093,1102,1107,1117,1130,1139,1143,1149,1150,1155,1156,1156,1157,1153,1148,1145,1142,1147,1148,1152,1152,1153,1153,1151,1153,1149,1146,1140,1136,1131,1126,1118,1117,1115,1112,1104,1108,1110,1105,1104,1096,1087,1081,1069,1058,1046,1035,1022,1012,998,985,976,963,953,938,926,907,892,870,848,828,807,788,770,752,739,726,715,702,690,674,656,635,618,592,567,540,510,482,456,431,408,383,360,335,312,291,268,243,219,193,163,139,117,89,59,33,4,-23,-46,-69,-92,-108,-127,-145,-163,-179,-200,-222,-246,-267,-292,-321,-345,-371,-396,-417,-437,-451,-464,-481,-493,-503,-513,-521,-538,-554,-573,-592,-614,-628,-648,-661,-676,-688,-698,-706,-711,-710,-716,-720,-724,-733,-744,-752,-765,-774,-789,-803,-817,-818,-822,-827,-824,-822,-824,-821,-820,-816,-822,-820,-825,-832,-841,-846,-852,-856,-860,-859,-861,-856,-854,-850,-844,-844,-843,-842,-845,-850,-852,-850,-850,-849,-842,-843,-837,-834,-823,-817,-813,-810,-815,-817,-816,-819,-824,-824,-827,-826,-828,-822,-822,-816,-812,-811,-808,-804,-803,-795,-794,-794,-799,-801,-800,-804,-805,-807,-804,-803,-800,-794,-789,-782,-771,-767,-762,-751,-742,-739,-737,-731,-729,-726,-723,-715,-707,-700,-685,-675,-659,-646,-632,-618,-604,-591,-582,-572,-567,-561,-554,-550,-538,-525,-508,-492,-473,-450,-424,-400,-378,-360,-337,-318,-304,-282,-265,-246,-229,-216,-196,-175,-152,-129,-107,-83,-57,-37,-12,13,33,52,65,79,92,102,117,129,145,155,171,190,208,222,241,260,273,286,302,309,314,324,329,335,339,346,350,354,363,369,380,389,397,405,410,416,424,434,438,442,446,452,459,467,473,483,492,498,510,523,536,551,564,573,584,595,608,615,626,636,644,657,671,684,698,713,729,745,760,772,782,794,805,815,824,832,836,838,841,848,854,864,869,874,880,882,886,888,887,887,884,880,882,881,886,885,883,879,877,872,866,864,856,845,835,823,816,809,800,789,781,768,757,746,739,729,716,702,690,673,658,641,623,607,588,574,563,550,533,525,510,496,483,469,455,442,425,411,396,383,374,361,349,340,333,324,318,311,304,304,292,287,281,263,259,249,243,235,232,231,227,223,224,224,225,226,225,221,219,216,216,213,210,208,199,197,198,195,194,194,193,188,183,183,183,177,173,169,162,155,146,135,122,117,104,96,88,79,74,71,67,66,64,56,50,45,35,31,22,11,3,-6,-10,-10,-10,-7,-5,-3,0,5,10,17,19,21,25,23,29,37,44,54,65,72,82,97,112,124,133,142,151,155,166,172,179,190,201,210,223,236,249,264,281,293,310,325,336,346,357,367,378,385,394,402,412,425,435,447,456,468,469,475,480,486,487,485,484,479,473,469,467,470,462,461,463,465,466,467,471,470,464,460,458,460,460,458,454,453,452,454,457,460,462,464,461,460,461,460,458,453,453,454,452,447,445,440,444,441,445,450,452,458,461,471,470,472,469,467,461,459,458,455,455,454,453,457,459,466,469,472,474,472,469,469,465,457,448,438,434,429,427,427,429,426,427,430,432,436,436,437,434,428,427,425,424,421,420,423,423,431,441,451,458,470,475,481,490,494,499,501,506,506,510,515,518,522,536,543,554,564,575,585,592,600,600,603,604,606,606,607,614,618,623,631,640,649,656,665,672,674,674,668,663,657,647,642,639,629,624,619,618,621,623,620,614,613,611,606,598,590,578,565,553,541,531,525,518,514,512,513,514,516,521,521,522,523,521,518,512,507,506,499,498,504,505,510,522,531,541,550,561,563,569,577,583,585,586,590,589,595,600,612,626,635,651,665,682,697,706,713,720,724,726,734,737,743,747,747,750,759,769,780,791,802,812,824,836,841,845,846,843,839,834,828,826,824,823,821,823,829,837,841,847,848,844,840,832,824,813,799,790,779,764,760,753,748,749,744,743,741,737,735,728,724,714,706,698,690,683,681,676,681,682,689,689,693,692,697,700,702,700,696,694,686,683,683,683,685,689,695,703,715,726,738,744,752,754,761,760,764,762,765,764,764,768,771,779,787,792,801,808,813,815,816,818,815,814,810,808,803,801,802,799,794,798,793,789,788,783,781,774,769,757,750,740,735,723,710,697,688,678,671,660,655,642,625,614,602,585,571,548,526,509,489,478,465,455,445,436,426,421,413,404,396,383,369,352,334,320,304,289,278,267,260,258,258,259,262,264,264,261,255,247,239,228,216,206,194,188,182,178,177,177,180,183,182,186,182,181,178,170,155,142,129,120,113,106,102,98,95,93,92,97,95,94,86,77,67,54,45,30,18,5,-4,-6,-7,-7,-4,-3,0,1,1,0,-10,-13,-20,-31,-40,-49,-56,-66,-69,-73,-72,-75,-75,-76,-74,-73,-72,-71,-73,-76,-82,-85,-87,-84,-86,-85,-85,-89,-92,-89,-86,-83,-89,-93,-94,-100,-96,-96,-96,-98,-98,-99,-100,-96,-96,-94,-96,-96,-97,-95,-97,-99,-102,-108,-108,-109,-108,-112,-109,-107,-101,-97,-89,-84,-80,-73,-68,-67,-63,-61,-60,-57,-54,-49,-42,-37,-30,-21,-18,-9,0,7,15,18,27,32,42,46,48,51,59,64,76,89,101,116,131,138,152,164,173,182,185,186,189,184,191,194,195,198,201,204,213,225,231,236,241,241,244,241,242,238,233,229,226,226,230,231,239,245,248,257,264,269,272,273,281,280,284,283,286,290,293,302,309,317,329,337,350,365,379,394,405,418,428,435,446,459,469,479,486,498,511,532,553,571,591,611,627,647,665,682,696,703,712,721,733,745,754,774,786,799,818,834,854,864,875,881,889,897,899,899,898,899,898,893,898,895,893,896,895,892,892,889,882,875,869,865,853,844,832,823,806,796,783,771,763,748,739,729,717,708,694,681,668,659,642,633,624,611,603,590,581,570,561,553,538,525,512,502,494,486,477,471,465,462,463,463,462,460,462,456,455,453,452,451,448,449,451,453,461,464,471,472,480,482,484,486,488,488,485,484,484,486,482,477,478,475,475,470,466,461,454,448,447,446,441,436,426,419,412,400,389,375,360,348,335,323,319,307,299,286,279,273,260,254,241,225,209,186,169,153,137,122,103,86,74,68,59,53,42,37,25,12,3,-15,-31,-45,-66,-84,-99,-113,-127,-134,-141,-149,-149,-153,-158,-160,-165,-166,-171,-175,-187,-190,-201,-207,-213,-215,-218,-221,-227,-227,-229,-230,-235,-245,-250,-257,-263,-266,-270,-273,-274,-279,-282,-285,-288,-288,-290,-293,-298,-300,-300,-307,-307,-308,-314,-317,-319,-317,-315,-317,-314,-315,-315,-314,-314,-307,-304,-299,-295,-290,-285,-281,-280,-279,-276,-278,-280,-282,-282,-278,-274,-269,-264,-263,-253,-248,-240,-240,-232,-231,-231,-229,-227,-227,-220,-217,-213,-204,-198,-191,-182,-170,-162,-152,-144,-141,-135,-134,-128,-123,-116,-115,-111,-107,-104,-101,-94,-92,-94,-98,-98,-100,-103,-102,-102,-103,-103,-99,-93,-86,-81,-66,-60,-48,-36,-23,-18,-7,-4,2,5,14,20,24,38,45,58,70,79,93,108,118,130,142,148,154,162,166,174,185,188,200,209,219,223,235,245,254,256,262,264,264,266,269,271,271,273,275,277,282,284,290,295,299,301,307,308,309,312,308,301,290,281,268,254,240,225,207,193,187,176,169,164,157,150,141,132,123,109,96,81,64,51,33,21,15,7,3,8,11,16,17,22,22,22,22,19,15,12,7,8,9,11,17,19,28,38,46,55,63,66,71,71,74,76,82,87,91,100,108,119,134,149,161,172,181,200,207,219,226,228,230,233,236,239,243,250,258,268,274,286,298,308,313,318,322,323,324,326,327,324,325,321,323,323,325,327,327,323,322,323,318,314,313,308,302,293,288,283,271,264,261,257,253,255,251,255,255,259,259,262,254,248,243,240,238,240,233,233,235,237,249,254,266,275,275,278,284,284,283,284,281,280,284,286,299,308,322,335,349,363,378,394,402,409,414,416,414,419,424,434,440,454,462,477,494,509,520,532,538,542,551,549,548,548,547,544,543,548,546,548,555,560,564,566,570,566,560,551,548,535,524,515,504,489,480,471,466,459,453,447,442,437,435,427,419,407,398,386,381,372,363,357,349,342,340,337,337,335,332,329,328,328,326,327,325,319,318,317,315,313,313,314,315,315,324,329,337,342,348,350,354,360,364,365,367,377,381,391,399,408,417,426,436,442,446,453,455,457,459,459,458,458,456,457,462,469,479,486,494,497,500,502,504,503,497,489,486,482,482,485,488,490,495,495,496,499,500,496,487,478,465,450,442,429,424,409,402,392,390,385,375,370,361,348,336,322,301,285,269,253,237,224,212,200,193,187,180,172,166,156,145,131,120,105,88,72,50,36,16,1,-6,-18,-29,-39,-50,-59,-68,-72,-89,-101,-113,-123,-137,-147,-161,-175,-188,-204,-216,-229,-237,-247,-254,-257,-266,-269,-266,-273,-276,-283,-289,-293,-303,-309,-317,-322,-329,-337,-336,-333,-327,-319,-313,-307,-301,-299,-293,-292,-292,-295,-293,-296,-293,-291,-290,-281,-270,-263,-252,-243,-236,-230,-223,-219,-217,-216,-217,-217,-213,-212,-207,-205,-204,-199,-200,-198,-199,-203,-203,-207,-218,-226,-231,-236,-235,-239,-243,-244,-249,-248,-250,-248,-256,-263,-271,-282,-288,-295,-301,-306,-310,-309,-310,-304,-294,-286,-274,-268,-260,-253,-247,-244,-242,-235,-234,-235,-228,-220,-216,-201,-190,-180,-160,-151,-139,-120,-108,-92,-78,-63,-51,-40,-28,-8,11,29,49,72,93,117,138,163,184,205,224,243,264,285,304,323,336,348,360,372,385,402,411,425,434,446,456,469,476,483,484,482,476,469,461,454,444,437,431,428,433,430,431,432,433,428,426,422,413,406,394,379,367,355,344,335,330,332,332,336,337,340,341,337,332,327,322,316,312,300,295,290,288,296,295,294,299,305,314,319,322,325,328,331,335,342,347,351,363,371,387,404,419,436,452,467,483,496,516,523,532,533,542,549,563,572,585,597,607,619,630,635,646,650,654,651,651,652,655,649,648,648,647,648,650,653,649,652,649,642,643,636,630,627,619,609,600,596,589,582,574,572,568,568,563,563,562,561,558,558,551,541,533,523,515,509,496,489,481,479,482,485,490,494,497,502,505,503,502,504,498,493,496,498,498,508,513,522,527,536,547,558,560,562,562,557,551,548,543,534,535,533,532,534,535,541,542,546,545,546,540,539,536,530,522,517,511,506,504,499,494,491,493,487,484,478,470,460,451,440,428,415,401,389,378,370,360,345,337,324,316,305,292,279,265,248,236,224,214,203,193,178,165,152,141,131,124,117,106,98,86,81,74,63,56,47,37,28,22,17,3,-6,-11,-23,-32,-35,-41,-46,-50,-55,-61,-64,-72,-78,-85,-88,-97,-98,-102,-105,-106,-107,-104,-106,-108,-115,-120,-119,-121,-126,-128,-129,-133,-138,-133,-130,-123,-121,-118,-120,-121,-124,-130,-131,-139,-143,-150,-153,-156,-147,-140,-130,-126,-117,-107,-101,-93,-86,-86,-87,-90,-95,-99,-99,-100,-96,-95,-91,-82,-72,-61,-52,-44,-36,-31,-28,-26,-25,-26,-22,-22,-19,-16,-10,-5,3,10,14,17,20,22,17,18,15,12,10,3,1,-4,-5,-6,-7,-9,-12,-12,-15,-16,-19,-23,-28,-32,-35,-40,-39,-40,-45,-47,-58,-63,-67,-69,-80,-81,-91,-92,-100,-99,-103,-102,-105,-107,-107,-104,-105,-109,-112,-108,-102,-103,-98,-90,-82,-74,-68,-56,-49,-39,-27,-26,-25,-20,-12,-2,11,23,36,53,70,83,93,105,112,117,124,127,131,132,137,141,146,151,163,171,175,181,182,185,186,189,184,181,175,168,166,168,167,170,170,175,177,179,183,181,181,173,163,157,148,140,129,123,118,113,114,110,113,117,118,120,119,117,117,111,103,99,90,84,81,82,81,84,90,92,99,104,109,116,118,120,119,123,123,127,132,132,143,153,163,173,182,197,207,226,239,254,263,277,292,302,316,322,326,334,334,344,352,361,370,381,392,407,424,439,454,461,471,475,481,484,486,486,487,492,495,502,513,522,532,541,544,547,550,552,549,547,541,532,529,526,528,525,527,531,531,536,538,537,536,534,530,523,517,509,506,504,502,501,499,498,495,498,498,500,498,496,490,486,480,477,475,474,475,475,476,481,487,493,500,498,496,498,496,497,498,500,495,494,490,495,496,503,506,506,507,506,505,510,504,506,503,498,496,500,496,499,497,491,490,489,485,482,477,472,466,458,453,448,442,436,428,418,414,403,395,387,378,375,368,367,359,353,350,350,346,342,338,327,318,310,306,300,292,287,280,280,279,283,281,279,275,271,261,256,245,237,231,222,220,216,220,227,234,239,241,245,243,239,240,228,218,204,191,184,179,173,173,172,174,183,193,199,197,201,200,193,184,179,171,162,153,146,139,134,132,133,129,134,133,131,131,130,125,124,117,116,117,111,112,114,114,119,125,129,125,125,127,130,130,131,127,125,123,124,131,130,130,127,127,122,121,122,126,123,122,118,121,120,123,119,121,117,109,104,97,89,84,76,68,64,64,62,57,58,56,51,44,35,25,13,1,-13,-22,-33,-38,-44,-44,-43,-48,-50,-50,-61,-63,-72,-79,-89,-97,-108,-117,-126,-129,-132,-131,-130,-132,-133,-134,-138,-142,-146,-154,-162,-168,-172,-173,-168,-165,-158,-152,-143,-129,-124,-111,-102,-99,-96,-93,-93,-92,-87,-82,-79,-70,-59,-48,-32,-16,2,17,30,47,56,67,70,75,77,81,87,91,97,102,112,118,125,133,139,145,150,158,159,164,167,166,164,165,166,164,164,163,163,167,171,175,183,190,197,203,213,222,231,238,238,237,233,231,229,231,231,232,234,240,251,267,282,294,305,316,324,334,339,346,350,347,352,356,360,368,378,389,400,410,422,429,434,441,445,450,451,456,462,469,473,481,488,499,502,508,514,519,520,525,524,521,518,520,519,517,519,518,514,508,502,497,493,484,479,466,457,443,438,429,423,411,408,403,397,393,385,378,362,353,342,331,320,310,302,295,287,286,287,288,286,291,283,283,284,281,274,273,269,264,262,260,261,261,262,261,265,269,270,273,278,283,287,295,302,306,315,319,321,328,330,334,334,337,341,342,348,352,354,359,363,371,377,380,381,371,368,362,356,350,343,339,336,331,336,341,346,348,348,347,343,338,331,324,312,298,287,276,269,265,262,262,258,259,255,256,257,253,247,237,231,222,217,210,206,206,204,205,208,212,215,217,222,221,223,225,225,224,228,229,234,242,245,255,260,269,279,286,296,306,309,318,325,330,340,346,350,358,362,370,380,386,391,392,398,401,400,409,416,424,429,428,426,427,429,437,431,426,421,419,415,415,410,409,410,411,411,413,411,409,404,393,388,376,370,361,350,345,339,333,328,327,321,314,302,293,284,270,260,251,240,228,226,225,222,222,224,225,221,215,211,203,193,188,179,168,162,158,159,161,166,173,179,188,189,191,193,193,195,189,181,175,170,170,169,169,166,165,171,170,178,177,182,179,177,169,167,165,166,164,160,161,163,167,167,171,170,169,165,164,168,168,166,164,165,165,169,172,173,172,174,175,172,173,173,167,168,163,161,161,162,161,166,169,172,171,174,172,168,165,166,164,164,165,165,166,171,173,176,177,176,173,171,165,161,158,160,157,155,154,154,154,159,158,154,152,145,142,135,128,122,113,107,99,97,99,96,91,88,83,75,69,66,57,50,40,36,33,31,30,31,30,28,24,25,19,14,7,3,-4,-9,-11,-17,-15,-15,-11,-9,-3,3,7,14,19,20,26,25,32,33,41,47,58,65,72,78,85,93,99,104,107,108,112,111,109,117,120,126,129,133,140,146,156,160,165,166,165,164,158,161,164,161,164,168,176,181,187,194,200,197,195,192,188,180,176,170,161,156,156,156,157,157,157,156,153,150,142,132,123,117,105,98,93,90,90,93,100,99,100,112,112,115,122,125,129,135,142,144,149,157,166,167,173,181,182,189,198,205,215,226,229,237,251,258,271,281,288,294,301,304,311,318,325,334,343,358,371,389,406,417,428,434,443,449,456,458,462,463,468,475,481,490,497,502,508,510,514,516,513,510,503,494,486,482,476,468,460,456,454,453,453,457,456,455,449,446,441,433,424,416,411,406,403,404,404,403,406,410,411,411,410,407,407,400,396,395,384,384,377,378,383,384,381,383,381,377,376,370,373,366,364,359,363,369,373,381,394,398,403,411,416,427,432,436,440,441,445,447,454,456,463,461,459,460,459,456,456,456,450,444,444,441,436,430,422,409,398,387,374,365,355,352,342,321,311,310,303,302,298,285,275,266,252,238,228,217,206,198,192,190,186,186,191,190,192,190,182,178,168,158,141,123,109,96,83,73,74,71,74,76,82,87,94,96,91,84,73,68,56,52,47,42,42,49,59,68,83,90,97,99,106,110,107,103,92,84,79,77,73,76,78,84,88,92,99,100,104,105,102,94,83,75,68,59,57,53,51,52,54,58,60,67,68,79,82,87,91,92,95,93,85,85,76,75,76,77,80,88,91,97,105,109,113,115,112,104,89,81,69,56,47,35,28,21,20,18,21,26,29,27,28,26,23,15,8,-6,-16,-25,-28,-30,-31,-27,-23,-19,-18,-14,-11,-14,-16,-23,-28,-34,-40,-46,-48,-51,-49,-41,-36,-26,-15,-3,7,12,17,25,23,25,21,22,22,23,36,45,63,77,98,112,130,144,156,166,175,180,182,184,191,198,210,226,240,258,278,295,310,323,332,342,343,347,345,343,347,349,355,359,362,370,377,384,390,394,396,395,388,385,379,378,372,364,354,345,338,334,332,326,318,312,306,301,299,297,297,290,286,277,268,264,251,239,225,212,203,198,198,199,203,207,213,220,220,223,218,210,202,192,185,180,172,174,182,184,190,199,215,229,236,251,255,254,256,251,252,247,248,249,257,268,284,297,318,335,356,377,390,397,407,412,414,415,411,412,410,415,417,426,435,442,446,455,462,464,466,462,457,450,443,432,423,418,412,397,387,375,368,356,341,328,311,301,289,277,269,262,252,236,225,212,199,181,163,142,125,105,90,77,66,54,47,36,29,24,14,7,2,-6,-16,-24,-29,-32,-37,-33,-31,-28,-23,-23,-21,-20,-21,-16,-19,-18,-16,-11,-5,4,17,26,37,47,59,67,76,82,89,91,97,102,110,121,134,144,154,159,171,177,186,187,185,181,177,175,175,175,177,182,187,195,204,210,219,222,217,216,210,199,191,181,172,160,153,151,146,149,148,149,151,149,150,143,138,135,119,109,96,87,81,74,70,65,59,56,54,50,47,43,37,30,24,14,3,-7,-14,-25,-33,-45,-55,-62,-70,-77,-83,-92,-98,-104,-106,-107,-107,-110,-113,-118,-121,-125,-131,-134,-145,-151,-158,-159,-164,-159,-151,-142,-138,-133,-125,-116,-112,-107,-106,-105,-109,-109,-107,-100,-88,-78,-68,-51,-41,-22,-6,12,24,38,48,64,75,89,104,122,137,147,166,186,204,220,239,253,265,278,290,301,317,326,336,345,358,367,375,385,396,399,402,406,404,402,399,398,392,390,391,391,391,394,396,397,400,399,398,396,389,384,378,371,365,355,355,352,352,351,352,354,357,357,355,353,347,343,332,327,322,322,317,315,316,318,320,325,334,340,338,344,350,354,362,365,371,371,372,378,384,390,393,398,400,405,413,423,432,443,447,456,462,472,480,481,478,472,461,457,459,456,454,453,459,464,471,478,483,490,490,491,483,476,464,459,449,446,443,442,443,440,443,448,450,452,448,441,430,414,400,385,371,353,337,326,314,307,299,291,282,274,260,249,234,220,203,181,164,147,133,122,117,113,110,109,104,105,103,95,89,80,68,56,51,46,44,43,47,51,59,67,75,83,93,95,98,101,100,95,95,90,92,93,92,102,106,112,117,125,127,133,134,143,145,152,157,161,164,167,170,174,177,181,178,176,180,181,186,188,191,189,195,193,192,187,183,170,159,148,139,126,120,117,107,105,100,98,96,93,90,79,66,54,42,29,18,8,2,-1,-1,1,6,15,19,19,19,18,14,5,3,-6,-12,-16,-20,-19,-19,-16,-11,-6,1,6,11,10,9,5,-5,-12,-19,-25,-31,-32,-30,-26,-22,-18,-14,-6,-5,0,1,3,0,-2,-4,1,3,8,14,21,28,35,40,45,49,45,42,44,37,36,32,30,31,32,34,40,45,47,54,56,58,57,59,57,60,54,53,52,54,50,52,51,43,38,35,27,26,23,19,14,11,5,3,1,-5,-10,-18,-25,-41,-47,-55,-68,-72,-83,-84,-88,-87,-92,-92,-90,-94,-101,-110,-118,-129,-137,-144,-150,-154,-156,-155,-151,-145,-135,-130,-125,-124,-122,-125,-128,-136,-143,-150,-159,-165,-164,-160,-154,-142,-130,-124,-114,-102,-95,-88,-83,-78,-79,-76,-70,-63,-52,-43,-30,-17,-2,15,35,53,68,79,89,97,103,113,120,126,136,142,157,169,180,195,208,220,228,236,246,249,255,265,273,277,284,295,301,308,318,324,328,334,338,346,348,354,360,362,368,367,371,371,375,377,378,379,381,379,382,379,383,385,392,392,395,399,398,399,396,392,392,385,383,380,380,378,378,378,376,379,381,385,385,378,374,373,374,370,376,378,381,387,397,406,417,427,431,436,441,442,445,447,447,444,447,449,455,460,468,478,486,492,502,509,510,508,505,495,490,486,481,480,479,480,484,484,492,495,498,499,499,493,488,481,471,462,458,452,450,451,453,450,456,457,459,459,458,448,436,424,417,408,397,393,381,378,375,378,381,382,380,380,374,373,366,368,357,348,336,329,322,317,310,309,306,302,303,306,308,314,316,315,313,310,314,310,307,306,300,292,292,289,287,290,294,299,307,312,318,326,326,332,330,324,319,314,308,306,302,302,302,301,303,307,309,312,316,315,313,309,303,299,296,291,284,281,274,273,272,275,272,270,267,262,252,242,233,219,206,194,180,172,166,162,162,158,156,155,150,149,141,132,121,109,98,88,75,64,59,55,55,58,59,63,67,68,68,66,65,63,55,56,57,57,66,65,64,58,62,62,62,71,69,59,57,58,61,58,67,68,69,69,74,76,75,78,77,83,75,83,85,87,87,88,86,94,93,82,72,65,66,68,68,60,59,57,55,56,60,62,57,47,36,23,9,-7,-18,-33,-44,-53,-60,-61,-60,-58,-54,-52,-53,-57,-66,-72,-87,-96,-113,-129,-142,-146,-154,-152,-151,-145,-143,-133,-130,-125,-123,-126,-129,-132,-140,-145,-150,-155,-155,-152,-149,-143,-137,-132,-125,-119,-118,-120,-126,-134,-141,-145,-151,-152,-155,-157,-154,-149,-143,-139,-134,-132,-130,-126,-122,-115,-108,-102,-94,-86,-74,-61,-47,-35,-25,-15,-10,-6,0,3,4,6,5,9,13,20,29,38,45,56,63,67,75,81,85,86,86,85,79,77,75,76,76,78,77,83,84,93,101,107,119,129,139,147,152,163,170,170,177,173,173,174,171,172,176,176,180,183,189,196,200,204,203,198,194,185,181,176,175,172,169,175,177,183,192,197,202,202,206,201,199,195,192,189,185,186,192,200,211,222,236,249,263,274,281,290,290,291,290,291,290,293,301,311,325,341,358,370,384,395,402,407,408,405,400,395,392,392,394,396,402,409,422,433,445,454,458,459,461,461,457,456,454,455,457,460,470,475,485,492,495,500,504,504,505,502,494,486,473,465,456,451,440,430,419,413,409,400,396,390,381,372,367,359,353,347,343,338,332,328,328,330,334,339,341,348,354,363,370,376,379,384,390,391,393,393,401,405,414,424,432,441,450,462,475,483,490,494,500,504,507,514,525,526,536,549,560,577,596,617,638,652,671,685,700,715,718,723,723,725,728,737,743,753,763,775,789,805,819,828,833,835,831,826,819,810,802,794,785,781,777,775,775,772,769,767,763,756,744,737,723,710,699,686,681,676,675,677,683,687,692,700,704,709,717,721,722,724,721,719,714,717,716,713,716,717,720,729,738,748,753,757,758,763,760,762,758,755,745,741,739,740,747,755,763,774,790,808,823,837,850,856,857,854,853,850,848,840,832,830,827,832,835,846,852,854,856,857,860,856,849,841,826,815,801,793,781,776,774,768,764,762,766,768,765,760,746,732,715,711,696,679,665,655,650,645,643,639,638,634,625,617,606,591,574,557,540,526,511,495,487,475,468,461,453,445,432,420,404,389,376,361,345,330,315,301,290,278,261,251,235,215,201,186,168,148,127,103,81,60,41,22,0,-21,-41,-64,-82,-101,-120,-140,-165,-184,-205,-225,-245,-266,-290,-316,-334,-355,-371,-387,-400,-411,-425,-437,-442,-456,-469,-481,-501,-518,-537,-557,-576,-594,-611,-625,-636,-644,-653,-660,-665,-666,-674,-681,-684,-695,-708,-720,-741,-756,-772,-791,-803,-812,-819,-825,-828,-831,-831,-836,-836,-842,-851,-860,-875,-891,-906,-920,-934,-946,-955,-962,-969,-970,-966,-964,-957,-956,-955,-958,-961,-963,-965,-975,-982,-987,-991,-993,-991,-992,-987,-986,-985,-983,-982,-980,-980,-981,-983,-984,-988,-983,-988,-986,-986,-977,-977,-969,-966,-960,-957,-950,-946,-939,-935,-929,-923,-919,-908,-900,-892,-878,-866,-852,-833,-815,-797,-777,-761,-742,-723,-703,-689,-670,-656,-639,-627,-608,-591,-567,-548,-524,-501,-478,-454,-430,-408,-385,-368,-354,-338,-326,-314,-299,-284,-274,-260,-243,-222,-199,-174,-154,-134,-111,-92,-73,-57,-43,-34,-23,-17,-6,10,22,37,54,71,92,114,138,160,181,200,212,226,241,251,259,273,282,297,315,333,358,384,407,429,456,481,498,520,537,553,568,586,601,619,644,675,700,736,769,801,834,866,899,923,949,972,991,1010,1029,1051,1075,1099,1125,1150,1181,1212,1244,1275,1298,1316,1334,1351,1361,1372,1383,1389,1395,1400,1409,1422,1434,1445,1458,1466,1474,1479,1486,1489,1488,1481,1473,1465,1453,1442,1436,1427,1420,1410,1405,1402,1400,1396,1392,1388,1375,1367,1358,1344,1330,1312,1295,1278,1264,1249,1241,1231,1223,1218,1211,1207,1197,1188,1180,1170,1154,1140,1125,1106,1091,1077,1066,1057,1050,1043,1036,1035,1031,1031,1029,1021,1012,1003,993,983,973,964,948,937,929,921,917,917,912,901,893,883,872,857,842,824,803,784,768,755,744,730,715,701,690,672,653,630,610,582,552,522,498,473,449,428,409,386,368,347,322,301,277,245,216,187,154,122,94,63,38,10,-14,-42,-67,-93,-117,-143,-166,-193,-219,-242,-269,-288,-308,-329,-350,-377,-392,-408,-426,-445,-459,-477,-490,-504,-514,-520,-529,-541,-546,-553,-560,-568,-574,-585,-601,-610,-625,-636,-645,-652,-659,-664,-667,-672,-671,-679,-683,-688,-699,-710,-720,-733,-744,-757,-767,-778,-788,-793,-797,-802,-800,-803,-808,-811,-818,-826,-841,-851,-866,-878,-892,-900,-908,-915,-913,-915,-916,-920,-923,-927,-935,-947,-962,-976,-991,-1002,-1015,-1020,-1029,-1034,-1032,-1031,-1034,-1031,-1025,-1027,-1025,-1028,-1033,-1035,-1034,-1038,-1037,-1042,-1040,-1037,-1036,-1029,-1027,-1016,-1008,-1005,-1001,-998,-988,-980,-973,-961,-952,-944,-932,-926,-915,-904,-895,-888,-880,-868,-857,-842,-831,-822,-812,-802,-786,-775,-762,-748,-736,-723,-708,-692,-678,-666,-650,-637,-626,-616,-600,-590,-576,-570,-562,-551,-538,-525,-512,-499,-481,-471,-454,-436,-423,-405,-392,-381,-374,-362,-353,-341,-332,-324,-315,-302,-287,-267,-253,-231,-211,-196,-180,-161,-150,-140,-133,-122,-118,-111,-103,-94,-85,-66,-52,-34,-16,3,23,44,59,76,85,98,105,113,125,136,149,164,178,199,216,244,268,293,319,337,355,371,386,401,419,431,446,464,480,498,520,542,562,581,602,624,645,670,694,706,725,744,764,785,794,809,827,842,859,877,896,912,933,954,976,1000,1023,1047,1069,1086,1099,1113,1126,1138,1151,1162,1177,1185,1195,1210,1224,1237,1250,1256,1262,1273,1279,1286,1292,1298,1298,1299,1299,1301,1304,1302,1297,1290,1286,1286,1283,1273,1266,1262,1252,1243,1237,1227,1218,1211,1202,1194,1185,1178,1168,1155,1144,1132,1120,1106,1094,1082,1072,1064,1059,1053,1054,1053,1045,1046,1046,1046,1041,1035,1026,1017,1008,1002,997,993,993,989,991,992,997,998,999,994,991,984,980,968,961,950,942,935,934,934,936,942,942,941,942,938,938,932,923,914,904,890,881,876,868,854,850,841,833,830,828,826,822,822,816,809,802,792,780,767,753,736,720,708,692,674,666,652,643,639,630,623,615,609,604,593,581,568,558,541,529,518,505,496,483,475,471,466,469,468,470,472,469,469,471,470,465,462,456,451,446,442,443,437,433,427,423,424,422,416,412,403,395,387,383,374,370,368,365,362,360,360,361,359,356,353,348,348,348,345,342,337,335,333,335,339,343,344,345,345,343,340,336,329,326,321,312,309,308,302,297,297,291,285,276,263,253,237,228,215,203,188,177,166,159,154,149,140,126,116,107,93,84,70,53,38,20,7,-4,-13,-23,-32,-40,-46,-51,-57,-62,-68,-77,-86,-96,-105,-109,-121,-126,-136,-143,-151,-159,-170,-176,-184,-187,-193,-193,-198,-200,-206,-203,-207,-207,-207,-204,-202,-200,-194,-197,-193,-195,-197,-193,-191,-190,-191,-189,-189,-189,-189,-186,-186,-188,-185,-182,-185,-181,-178,-176,-176,-172,-170,-164,-161,-159,-153,-153,-152,-153,-153,-152,-148,-142,-138,-130,-125,-114,-102,-93,-83,-75,-71,-72,-67,-63,-61,-60,-57,-51,-44,-31,-17,-5,5,16,22,35,40,44,50,53,51,53,59,65,71,75,85,91,98,103,111,112,120,121,118,121,125,125,122,129,135,142,146,150,159,163,165,175,178,177,172,170,169,168,167,162,164,162,164,163,167,171,175,180,183,187,190,198,203,204,205,206,209,207,211,211,212,218,221,230,240,251,258,266,277,286,295,304,312,320,326,333,341,348,362,374,384,394,410,421,437,452,464,477,481,489,497,502,502,508,509,514,521,532,541,550,562,570,576,579,585,585,583,586,585,584,588,593,596,604,613,623,630,637,644,646,651,647,645,643,642,636,641,645,647,655,665,672,680,692,703,711,719,725,731,736,743,749,759,771,781,793,806,821,842,856,872,884,892,905,922,934,948,957,970,982,997,1015,1034,1051,1065,1088,1103,1121,1143,1160,1173,1183,1190,1195,1202,1211,1214,1223,1226,1230,1236,1244,1249,1256,1264,1268,1274,1279,1281,1279,1278,1272,1267,1258,1255,1240,1234,1225,1216,1209,1198,1192,1183,1173,1165,1155,1142,1127,1111,1094,1073,1055,1035,1018,1000,981,966,950,942,928,922,909,891,876,863,847,828,807,785,766,746,730,717,703,691,679,668,657,648,639,630,617,601,591,575,561,552,541,529,522,515,511,511,506,504,500,489,481,475,467,460,451,444,430,419,409,401,394,384,372,365,361,357,352,345,340,327,320,311,302,290,278,271,258,250,242,237,227,223,215,207,199,188,176,159,143,129,112,94,74,56,39,24,5,-4,-16,-29,-39,-47,-58,-66,-76,-91,-108,-122,-137,-150,-163,-177,-186,-199,-210,-212,-215,-223,-229,-238,-244,-249,-257,-263,-271,-287,-298,-310,-317,-317,-318,-314,-313,-312,-312,-306,-307,-306,-311,-320,-329,-340,-349,-353,-360,-367,-363,-362,-357,-348,-342,-331,-324,-325,-324,-323,-323,-325,-327,-328,-331,-333,-327,-321,-317,-312,-306,-302,-301,-301,-301,-302,-305,-312,-317,-325,-329,-334,-342,-340,-344,-347,-346,-349,-350,-354,-350,-355,-356,-358,-366,-373,-380,-384,-385,-391,-393,-396,-393,-392,-389,-385,-385,-384,-385,-387,-391,-394,-401,-410,-416,-427,-430,-431,-433,-430,-433,-429,-423,-419,-413,-406,-401,-402,-403,-405,-402,-405,-403,-404,-404,-400,-390,-382,-366,-354,-334,-321,-303,-288,-272,-260,-253,-245,-236,-230,-219,-208,-193,-181,-167,-147,-130,-112,-93,-78,-62,-51,-44,-37,-28,-25,-14,-8,3,14,36,49,68,87,104,118,130,144,150,158,167,172,180,187,196,205,219,235,251,263,276,285,296,305,313,322,330,328,328,333,333,341,349,353,361,366,373,382,391,404,415,422,430,441,451,462,470,481,485,491,494,499,509,517,525,535,543,557,568,581,592,603,609,620,629,636,647,655,664,674,686,698,713,728,743,760,772,788,803,814,822,834,840,846,857,863,872,880,893,907,921,935,950,961,976,988,996,1005,1011,1009,1013,1013,1017,1021,1024,1026,1030,1031,1038,1037,1045,1042,1036,1032,1026,1016,1014,1006,1000,992,983,977,973,971,966,960,948,935,922,910,900,887,875,857,845,835,827,820,813,804,792,781,769,759,747,734,716,702,689,673,662,647,634,623,611,597,583,570,561,550,538,526,515,505,493,485,476,467,458,450,442,432,422,415,408,404,398,387,379,372,363,357,351,341,329,319,313,309,304,298,293,289,279,275,267,263,248,238,224,211,197,184,172,156,138,132,124,117,110,101,95,85,75,64,50,36,17,-5,-25,-45,-67,-82,-101,-113,-129,-138,-144,-160,-170,-182,-195,-213,-231,-248,-266,-282,-297,-312,-327,-334,-342,-352,-357,-364,-370,-382,-392,-405,-418,-432,-450,-465,-481,-488,-500,-502,-507,-511,-513,-518,-520,-518,-520,-521,-520,-525,-527,-533,-534,-538,-538,-541,-542,-541,-544,-544,-543,-540,-538,-532,-530,-526,-519,-514,-512,-505,-498,-504,-504,-507,-508,-508,-509,-507,-507,-506,-502,-492,-488,-476,-472,-466,-459,-452,-449,-441,-439,-435,-437,-434,-432,-431,-428,-429,-425,-417,-415,-405,-400,-395,-390,-386,-384,-379,-373,-372,-367,-362,-361,-358,-356,-349,-348,-343,-339,-338,-340,-335,-333,-338,-338,-331,-330,-328,-330,-332,-330,-323,-318,-318,-320,-320,-323,-319,-317,-310,-303,-296,-291,-283,-275,-266,-260,-255,-254,-256,-256,-256,-253,-252,-245,-239,-234,-221,-208,-188,-175,-159,-147,-136,-124,-114,-108,-99,-90,-85,-75,-61,-37,-16,7,30,53,76,102,126,150,169,188,204,221,236,255,270,290,305,324,339,355,377,392,409,427,437,453,466,474,482,493,497,500,513,519,529,536,546,554,559,570,579,581,584,588,594,592,595,592,594,595,595,597,597,601,601,601,602,606,607,600,596,583,578,567,558,547,536,527,516,511,505,502,501,499,494,495,494,493,491,483,474,465,458,454,447,447,447,451,455,463,473,481,493,499,505,510,513,518,517,517,517,519,522,532,543,556,566,576,583,586,591,595,594,588,583,574,569,567,573,573,580,587,589,597,603,601,606,601,598,589,580,572,563,558,554,551,550,548,545,544,542,541,532,524,512,498,482,468,455,445,433,418,409,401,393,387,381,375,365,359,353,347,337,330,323,312,302,297,295,292,290,286,286,282,282,283,287,284,281,280,276,270,272,274,273,274,271,269,269,272,281,289,288,290,292,299,306,310,311,312,311,311,310,305,305,303,302,301,301,306,313,318,322,325,325,328,326,325,318,309,300,293,287,283,281,279,277,276,273,270,263,257,240,228,216,205,190,182,175,163,163,157,154,153,151,149,140,132,124,110,99,86,74,62,54,46,38,29,26,23,16,11,3,-5,-15,-24,-34,-47,-54,-69,-81,-92,-98,-104,-115,-123,-129,-140,-146,-150,-156,-166,-174,-183,-192,-199,-207,-215,-224,-232,-240,-245,-248,-247,-246,-250,-246,-247,-246,-245,-247,-253,-260,-266,-272,-277,-285,-294,-297,-298,-302,-302,-296,-292,-285,-279,-280,-280,-280,-280,-288,-296,-301,-311,-314,-312,-309,-304,-297,-286,-275,-262,-247,-237,-230,-220,-220,-217,-221,-223,-221,-216,-210,-201,-190,-172,-156,-138,-120,-105,-98,-90,-88,-92,-96,-98,-100,-104,-100,-97,-92,-83,-72,-57,-42,-31,-22,-18,-9,-9,-7,-8,-13,-12,-18,-14,-10,-2,8,19,31,44,56,70,82,88,90,93,91,89,91,92,92,93,94,101,112,122,135,146,158,170,181,194,202,211,216,226,230,242,258,267,282,296,309,326,343,357,376,390,403,414,428,437,448,458,464,472,484,495,506,516,530,544,556,567,583,593,602,607,613,614,617,619,615,616,619,618,620,622,629,629,631,629,632,629,626,620,611,605,595,586,580,570,564,564,563,561,558,550,549,540,536,531,524,519,515,508,510,506,513,519,524,524,528,530,533,534,535,535,532,533,535,543,546,562,568,576,589,598,606,620,629,638,642,646,651,658,663,671,673,678,685,692,703,710,721,727,732,738,743,747,752,755,752,755,752,754,751,751,751,752,750,748,748,743,744,738,734,733,730,724,714,712,703,691,682,671,657,639,629,616,603,592,583,571,561,553,541,535,523,510,500,487,478,468,455,444,435,429,424,420,420,411,409,399,394,385,375,370,358,351,341,337,337,333,336,333,329,327,322,319,315,311,303,293,288,285,284,281,284,282,283,282,278,276,271,264,252,242,230,222,216,211,207,200,193,190,185,178,169,165,153,139,125,108,92,76,57,40,21,9,-10,-24,-34,-45,-55,-63,-74,-84,-98,-108,-121,-132,-143,-157,-171,-185,-195,-208,-214,-219,-229,-235,-236,-237,-236,-232,-235,-237,-235,-241,-244,-249,-253,-258,-260,-262,-263,-262,-257,-249,-250,-238,-230,-228,-215,-208,-204,-203,-205,-206,-208,-210,-206,-202,-197,-193,-187,-177,-170,-165,-160,-161,-163,-169,-177,-186,-207,-214,-227,-238,-242,-242,-243,-240,-238,-237,-237,-239,-246,-255,-266,-278,-291,-308,-323,-333,-343,-349,-353,-353,-355,-351,-349,-352,-350,-357,-360,-364,-368,-375,-378,-377,-378,-374,-372,-365,-358,-353,-343,-334,-323,-318,-313,-306,-302,-297,-287,-283,-277,-272,-261,-248,-234,-222,-202,-187,-168,-148,-129,-106,-89,-74,-59,-46,-32,-23,-10,2,17,31,45,60,77,97,116,134,152,165,182,190,198,206,212,216,218,221,222,227,233,241,244,255,262,264,269,271,272,272,272,268,266,266,261,267,270,273,281,293,309,324,343,353,361,366,375,377,382,391,395,396,401,414,424,436,452,461,474,479,491,494,502,505,507,510,512,520,530,542,558,573,585,602,617,633,647,657,664,669,676,679,684,688,689,696,694,699,706,715,715,720,723,726,733,735,739,744,744,741,739,738,731,728,724,720,718,719,717,718,718,715,715,712,707,702,697,687,678,669,659,647,643,635,631,634,633,639,637,635,633,629,625,620,609,598,586,572,559,559,553,547,539,542,539,540,545,545,544,540,533,527,516,511,503,491,483,480,474,475,480,486,488,491,494,496,496,498,490,485,477,475,472,469,468,466,464,470,465,469,469,472,468,463,462,461,457,454,451,450,446,445,445,445,442,439,439,433,433,428,426,420,420,416,412,408,403,402,400,400,399,398,397,396,394,395,397,399,399,398,399,402,401,403,402,397,395,392,393,397,402,406,408,411,414,422,425,432,431,433,435,431,432,429,430,427,422,414,413,407,407,404,400,391,381,374,367,358,348,335,320,305,293,280,271,258,248,232,214,199,185,161,144,125,106,88,70,56,42,28,13,0,-11,-21,-34,-48,-57,-70,-85,-96,-107,-119,-127,-136,-140,-144,-151,-152,-154,-156,-159,-155,-157,-160,-158,-152,-150,-139,-127,-121,-112,-103,-93,-83,-70,-62,-56,-47,-39,-31,-22,-9,-2,10,22,32,45,54,65,72,74,76,73,76,75,79,84,86,83,83,74,78,78,84,81,70,53,48,40,34,29,16,-2,-16,-27,-34,-39,-46,-57,-65,-72,-86,-86,-96,-103,-112,-122,-128,-141,-152,-158,-165,-172,-172,-180,-179,-179,-180,-179,-181,-183,-182,-184,-185,-190,-189,-193,-200,-207,-211,-212,-212,-207,-205,-202,-195,-186,-181,-165,-154,-146,-143,-140,-139,-136,-134,-131,-131,-130,-127,-115,-105,-95,-81,-68,-55,-44,-33,-26,-22,-16,-16,-16,-14,-15,-19,-15,-12,-3,6,11,14,17,13,12,10,7,2,-10,-20,-26,-33,-36,-29,-36,-41,-43,-39,-35,-34,-38,-39,-46,-54,-61,-64,-70,-79,-82,-84,-88,-85,-84,-83,-79,-79,-78,-75,-70,-70,-74,-77,-83,-85,-89,-86,-87,-85,-81,-79,-68,-59,-49,-43,-35,-22,-16,-10,-6,0,5,13,12,19,28,36,49,66,81,96,111,127,139,153,171,182,194,205,214,226,237,251,265,282,297,314,334,354,375,393,409,424,436,444,454,465,477,487,498,510,526,550,575,601,630,651,674,693,708,723,733,734,739,739,743,747,754,766,778,790,804,821,834,845,859,864,869,867,869,868,869,872,871,872,877,878,886,896,903,907,910,911,909,904,902,896,888,881,874,862,854,845,844,840,833,827,824,819,813,813,807,799,788,782,769,760,751,743,733,719,714,708,708,705,704,697,693,694,689,688,684,679,671,663,661,653,649,647,640,638,636,634,635,637,635,630,627,624,623,624,621,620,616,613,611,608,607,602,602,598,598,599,596,588,578,577,571,567,559,552,547,543,539,533,527,516,509,495,485,470,455,437,421,404,386,375,367,355,343,334,322,313,304,293,280,264,245,229,212,196,184,168,158,148,139,139,134,130,124,116,105,91,83,70,55,50,40,31,23,20,16,12,16,15,14,21,27,25,26,29,29,26,23,18,14,22,18,27,29,35,41,50,60,72,80,84,86,88,87,83,80,74,67,57,54,49,49,52,48,47,45,46,44,43,39,31,20,9,-3,-15,-21,-33,-43,-52,-59,-63,-69,-71,-76,-80,-90,-95,-103,-114,-128,-140,-157,-170,-184,-195,-208,-220,-224,-230,-239,-243,-249,-255,-261,-267,-277,-283,-293,-302,-312,-320,-325,-328,-330,-334,-339,-339,-339,-339,-343,-345,-350,-351,-355,-354,-351,-345,-344,-337,-332,-326,-317,-312,-312,-313,-316,-319,-319,-320,-316,-316,-319,-316,-310,-308,-299,-285,-284,-282,-282,-280,-281,-279,-278,-281,-283,-278,-280,-276,-268,-265,-257,-254,-247,-239,-235,-227,-225,-223,-222,-225,-221,-227,-228,-228,-230,-232,-228,-224,-220,-215,-213,-207,-205,-200,-199,-202,-206,-207,-212,-215,-219,-223,-225,-224,-221,-217,-213,-206,-195,-185,-174,-162,-154,-144,-139,-137,-135,-130,-128,-126,-121,-113,-103,-85,-67,-50,-28,-13,7,22,42,58,70,78,83,92,100,114,127,150,164,185,209,235,258,281,300,317,329,334,342,346,350,351,357,360,369,379,391,407,420,432,439,449,454,459,462,468,466,468,470,473,480,486,497,505,517,529,539,549,558,566,571,576,580,579,581,580,578,578,575,573,569,567,570,573,577,573,577,573,574,573,572,572,567,562,557,552,550,549,546,544,537,534,533,529,534,532,526,521,518,516,512,508,507,505,500,495,495,489,491,490,488,485,487,487,486,485,485,480,478,479,478,481,484,488,488,492,497,498,495,496,496,499,499,504,507,511,523,530,544,557,569,584,593,604,607,615,616,613,617,615,616,622,632,641,650,660,669,678,690,695,701,702,700,701,697,696,696,693,690,689,696,701,703,708,706,701,696,694,686,675,658,638,623,607,592,580,565,555,543,536,527,520,511,500,489,474,460,445,428,411,390,370,349,334,319,305,294,288,286,286,284,286,282,282,282,278,276,272,268,270,262,266,266,270,273,280,287,298,310,320,330,336,340,346,350,358,361,368,372,375,381,391,400,412,425,439,448,459,466,473,477,477,472,468,469,465,463,465,467,466,466,469,467,467,461,458,445,431,417,405,389,376,359,348,332,318,300,284,270,250,229,208,187,164,139,113,92,68,45,20,-2,-21,-38,-57,-74,-91,-115,-133,-152,-169,-188,-205,-220,-240,-251,-264,-275,-280,-294,-304,-310,-317,-327,-328,-336,-342,-354,-364,-373,-380,-386,-397,-402,-405,-407,-406,-405,-401,-396,-395,-392,-388,-386,-381,-381,-382,-385,-386,-384,-378,-375,-367,-355,-345,-332,-319,-309,-295,-282,-273,-270,-261,-259,-255,-254,-250,-246,-243,-237,-231,-222,-211,-199,-184,-172,-165,-156,-154,-154,-153,-157,-159,-170,-178,-184,-188,-181,-178,-167,-158,-151,-140,-128,-119,-112,-112,-114,-118,-124,-127,-133,-135,-138,-141,-140,-132,-124,-113,-103,-95,-88,-81,-79,-77,-77,-79,-86,-89,-91,-93,-90,-89,-83,-75,-67,-57,-45,-34,-23,-14,-10,-5,3,4,8,14,15,19,24,34,42,55,63,77,91,104,119,128,139,146,153,157,165,170,179,183,193,202,212,218,223,236,240,250,255,263,261,267,266,272,277,281,285,288,294,302,310,316,325,327,327,328,330,331,336,335,334,334,340,340,347,359,363,367,370,371,374,379,378,372,362,358,348,342,341,339,340,345,348,356,357,362,364,363,360,350,347,336,323,318,313,312,315,318,323,334,342,356,366,378,385,387,391,394,395,398,400,397,401,405,416,426,436,447,456,470,484,497,506,515,521,527,537,544,551,561,567,574,585,594,611,632,653,667,685,700,718,728,742,746,751,753,756,758,766,772,777,778,786,794,804,815,819,816,812,805,806,792,779,764,751,738,725,721,718,718,718,715,700,694,690,687,678,663,646,622,606,591,583,571,563,555,544,534,521,512,504,495,488,480,466,450,439,427,421,417,412,404,404,400,402,406,406,400,392,387,377,368,362,358,351,345,339,339,340,344,347,353,355,362,361,363,362,359,362,362,360,360,362,362,364,363,363,361,363,359,357,351,347,333,329,316,302,289,281,267,256,244,234,225,218,207,200,190,180,167,153,137,125,109,94,77,56,43,30,17,8,-3,-11,-23,-30,-40,-53,-66,-81,-100,-116,-130,-144,-157,-169,-180,-190,-193,-195,-194,-194,-197,-200,-204,-206,-205,-212,-214,-217,-219,-220,-216,-215,-207,-196,-191,-176,-168,-155,-146,-136,-133,-129,-130,-128,-122,-119,-116,-106,-97,-87,-78,-65,-53,-36,-24,-9,0,8,9,7,6,3,-1,-5,-3,-2,-2,5,15,24,24,31,36,36,38,38,40,33,27,19,10,1,-5,-7,-15,-24,-33,-35,-40,-39,-40,-44,-52,-56,-66,-74,-79,-89,-102,-111,-116,-127,-132,-131,-135,-137,-137,-141,-139,-141,-141,-146,-152,-156,-161,-166,-172,-172,-172,-171,-162,-155,-145,-138,-131,-121,-117,-113,-112,-110,-113,-109,-106,-102,-96,-86,-77,-66,-53,-41,-30,-18,-10,-4,-8,-6,-12,-18,-25,-30,-36,-37,-36,-32,-21,-14,-9,3,20,30,39,47,47,47,47,41,41,41,41,41,48,56,67,83,93,107,115,120,130,134,139,142,140,143,143,152,162,173,183,191,202,210,219,225,226,234,233,233,238,242,248,253,256,265,274,289,300,311,323,334,348,355,362,371,378,385,395,401,413,421,430,435,441,450,458,464,469,468,472,475,472,475,469,462,458,453,451,450,451,443,445,445,442,441,443,443,441,434,431,425,421,422,417,417,416,419,422,427,433,436,437,435,437,436,435,432,428,423,422,418,416,414,416,420,421,425,428,433,429,428,425,419,411,402,393,382,371,363,359,357,356,355,354,353,357,358,356,351,344,334,325,313,309,303,294,293,288,288,291,294,290,289,285,280,274,267,261,250,245,237,230,233,232,237,241,240,243,243,250,253,257,256,254,255,259,264,264,270,272,274,280,286,295,297,307,313,314,319,328,334,342,349,357,365,369,377,385,392,400,406,413,420,421,422,425,431,434,435,435,439,444,448,450,454,453,450,448,445,445,448,441,433,429,422,418,418,417,410,409,407,402,399,400,395,392,383,380,376,370,366,360,352,344,338,336,331,331,326,323,322,321,319,317,317,312,306,302,298,293,286,280,275,272,270,276,277,283,286,287,289,288,287,280,276,270,261,255,249,243,246,245,247,251,256,261,265,270,275,273,272,263,258,253,252,253,253,254,257,260,266,273,278,285,288,288,293,292,292,291,290,283,273,268,263,261,255,253,246,239,234,231,223,219,212,202,191,184,169,159,142,130,122,105,97,85,75,68,64,55,51,49,39,35,28,20,8,-4,-13,-27,-37,-44,-54,-62,-68,-75,-78,-85,-87,-93,-98,-98,-98,-107,-119,-130,-143,-152,-160,-174,-180,-181,-187,-184,-186,-188,-192,-195,-198,-201,-201,-199,-205,-206,-206,-207,-202,-201,-195,-193,-190,-186,-185,-180,-182,-181,-181,-185,-180,-174,-170,-167,-157,-152,-148,-144,-137,-135,-132,-130,-134,-134,-134,-134,-129,-129,-123,-117,-111,-103,-97,-90,-84,-77,-74,-69,-67,-65,-65,-64,-64,-62,-59,-54,-51,-41,-33,-20,-14,-7,-2,6,10,15,16,16,14,11,9,9,13,18,21,25,28,36,44,54,58,68,67,67,67,68,60,56,55,49,48,53,50,58,61,60,69,74,80,79,83,84,83,82,81,78,79,81,85,89,100,108,121,135,148,159,177,191,203,211,218,226,236,246,250,264,278,291,311,332,354,373,390,407,424,437,450,453,456,462,464,473,479,485,490,498,504,514,521,526,527,528,524,526,519,522,513,509,504,501,500,500,501,502,505,507,506,510,509,504,500,492,485,475,468,460,451,448,443,440,436,435,430,432,428,425,422,418,410,399,394,387,383,385,383,385,384,392,397,405,406,412,406,402,398,398,397,394,387,386,391,394,402,414,423,433,441,448,455,463,469,469,466,468,466,468,473,471,476,482,489,500,514,521,530,536,537,537,535,530,524,518,506,500,499,494,490,497,502,508,519,525,530,533,537,531,522,513,505,492,480,472,466,463,461,462,463,468,468,471,470,464,462,451,444,431,422,412,398,385,382,376,371,370,363,359,357,355,349,346,334,325,310,302,291,283,277,272,271,268,266,269,270,272,270,262,257,247,245,235,227,218,211,202,198,196,192,196,193,190,186,185,178,167,160,146,134,125,118,109,104,104,99,99,100,98,100,97,98,91,82,75,64,50,40,33,21,13,5,0,-3,-10,-11,-8,-13,-18,-27,-35,-48,-58,-73,-87,-100,-111,-116,-122,-123,-119,-123,-114,-113,-108,-103,-110,-108,-109,-115,-125,-133,-140,-145,-150,-146,-141,-134,-124,-116,-105,-93,-86,-78,-72,-62,-59,-54,-56,-61,-61,-61,-59,-56,-49,-42,-37,-24,-16,-5,2,12,21,23,29,33,36,37,41,43,46,50,56,67,75,88,100,111,123,135,140,149,151,155,157,157,156,159,164,170,176,184,191,203,210,218,228,234,239,243,247,251,257,268,272,277,282,290,298,314,323,334,341,348,353,359,361,362,365,363,363,365,368,372,374,378,378,378,384,385,387,387,387,384,380,378,372,365,362,359,356,353,350,345,343,336,332,328,320,316,309,297,295,286,284,275,269,265,255,247,248,244,233,228,219,216,208,206,204,198,196,195,196,199,202,203,203,203,206,214,219,225,230,233,241,246,252,260,266,271,278,286,293,302,315,318,332,337,342,348,350,349,350,344,342,342,338,338,337,338,337,343,347,349,353,353,357,360,358,353,348,341,335,328,324,323,319,316,316,317,320,321,318,312,306,299,295,291,282,271,261,252,247,245,245,244,244,240,242,239,238,238,234,230,225,219,217,218,217,219,217,225,231,238,244,252,259,266,270,271,277,279,287,291,298,308,313,322,329,337,346,348,352,355,355,358,360,362,361,360,361,362,361,363,365,365,363,363,361,359,357,356,356,354,349,346,343,342,337,326,322,316,310,303,299,293,286,275,268,262,249,240,228,213,199,186,173,159,145,137,118,109,97,91,80,71,64,49,41,34,27,19,10,0,-7,-11,-17,-24,-29,-28,-29,-30,-29,-27,-25,-27,-23,-21,-17,-15,-15,-13,-9,-2,6,13,18,24,31,39,51,58,66,62,66,69,71,80,85,91,99,104,112,122,130,134,137,135,133,130,128,122,119,113,110,106,108,107,111,108,107,102,100,98,91,87,84,79,75,68,65,60,57,53,52,47,47,39,36,31,26,22,21,16,10,5,1,-4,-8,-13,-23,-29,-36,-38,-38,-40,-38,-39,-30,-29,-25,-16,-9,-3,1,10,22,32,43,57,67,76,91,106,121,138,152,165,180,196,210,221,234,247,260,276,295,313,330,347,362,379,396,415,432,447,457,470,475,487,495,504,512,520,527,539,550,560,571,582,591,599,607,617,617,624,627,633,635,638,645,645,650,653,657,658,660,661,662,662,661,661,662,664,668,666,672,673,679,680,680,684,680,675,673,669,666,663,663,665,667,675,684,690,695,702,705,710,716,722,722,724,720,724,723,730,737,739,740,747,755,761,766,775,782,782,787,788,792,793,793,793,796,795,794,800,800,803,807,809,811,821,824,829,828,833,829,830,830,831,828,829,833,834,841,841,847,849,854,857,859,863,859,855,853,850,841,836,832,820,811,800,789,781,774,768,759,752,746,736,725,713,700,685,669,661,651,636,624,613,599,588,575,566,551,534,516,495,479,467,451,432,414,400,389,381,374,365,356,340,324,306,289,269,248,232,216,201,187,182,171,165,156,148,139,130,118,103,92,74,63,47,36,25,14,11,6,3,1,-3,-7,-11,-17,-22,-26,-34,-41,-52,-54,-60,-68,-70,-79,-85,-87,-88,-95,-99,-102,-115,-112,-126,-132,-143,-153,-168,-181,-190,-203,-213,-219,-228,-237,-242,-249,-253,-262,-270,-277,-290,-299,-306,-316,-328,-342,-355,-372,-377,-389,-396,-410,-425,-440,-453,-467,-482,-497,-515,-535,-549,-567,-580,-592,-604,-614,-629,-638,-644,-649,-655,-658,-661,-672,-679,-685,-693,-694,-698,-704,-708,-706,-703,-698,-694,-681,-676,-670,-665,-656,-654,-649,-644,-648,-646,-646,-643,-643,-634,-627,-615,-603,-588,-575,-561,-551,-540,-535,-528,-526,-524,-521,-519,-512,-508,-503,-496,-487,-478,-469,-459,-449,-441,-434,-428,-422,-419,-417,-420,-420,-417,-419,-422,-421,-418,-420,-419,-416,-412,-407,-404,-403,-401,-404,-406,-402,-397,-396,-397,-393,-390,-387,-382,-377,-373,-369,-365,-361,-357,-349,-339,-332,-326,-319,-307,-295,-281,-269,-247,-235,-218,-205,-185,-167,-146,-129,-110,-90,-69,-45,-28,-1,23,48,75,101,126,155,178,204,227,250,268,287,311,332,351,373,392,412,431,456,479,502,528,548,569,589,605,621,635,642,648,651,652,659,661,668,674,679,688,694,701,712,712,712,708,704,697,692,688,681,674,668,667,669,673,678,683,687,686,691,693,696,693,692,686,683,680,683,683,685,681,688,694,703,710,719,730,734,737,747,754,760,766,771,773,780,787,796,805,822,833,850,863,876,892,901,910,917,922,929,931,934,935,935,939,942,946,951,959,966,971,977,983,984,984,985,982,985,982,981,980,978,979,
